19
1.0101740797260959
-10 -14.0511 -0.5224 -1.6512 31.725 174.8446 103.196 170.4872 95.2 156.5265 89.6541 -0.3796 -4.2137 0 0 -2389.47 -148.815 -2824.2 68.5217 
7.5458 4.4472 8.6648 3.7944 47.8179 244.0607 152.1125 306.1116 169.8915 743.4068 222.1701 0 0 1.9514 1.5429 -1675.37 -24.855 -2528.4001 86.9717 

1.2295533225003266 -0.3054184861488148 0.8145571544971355 -0.47242522983252494 0.14959056460147263 -0.11216777219006076 0.17406137341522343 1.0680922183515782 0.9884596823571453 0.7844094972658427 2.410142897225159 -0.3857676850049961 0.8237715647831712 0.8876369819110932 0.29910798513868864 0.5520052768353457 -0.5739463707252486 0.09302521888360618 -0.770495567181899 
1.2577080258254156 -0.07732734943436133 0.4489528160878837 0.5462545850188459 -0.2860215558232377 0.22841093297225526 -0.4509811558374255 0.224235967711038 0.5842665236347456 0.26996752622291087 0.7151595811716045 0.48788226456368633 0.345392948327996 0.2507872549268823 0.2552282293342008 -0.4944705655178076 0.032407434784500345 0.2731327743239975 -0.09990818797217739 
-3.0372629073926634 -1.4752831561839435 1.4006914153499697 -0.8497113077767511 -0.484155828007131 -0.5207863420166763 -0.08480746458135548 -0.9527499872165955 -0.9672113027866039 -0.8232546603929796 -2.5031806945641684 -0.3954942522169383 -1.9900677659812622 -0.24584185654400761 1.3988255374500156 -0.12891069678528722 -0.4961808783289606 0.11444026010254915 -0.11858179908202884 
2.3647885306847614 -0.4272286722878704 1.0872634614152041 1.2640789687950147 0.32226700482159265 0.6796352212215626 0.8374564094153323 0.9940600864595996 1.037777868268129 1.1473184233475486 2.365286739371118 0.08148405118039807 -0.26517849855506687 1.7981046067635895 0.5074361046089997 0.7903123490996085 -0.4554171388727586 -0.11019737611338917 -0.4350889761435392 
2.6879588430750956 3.147050671409081 0.7355755593534827 0.8796753876525775 0.9874281191249155 0.19163600918886736 0.9072590501678504 0.3496666390398508 1.106333163743874 -0.07754342378945482 3.475671201804869 1.0898156944348727 2.8923023073974004 0.6941393152173496 -0.10928636733933685 -0.3981751624106505 0.37188436773905276 -1.2282111581184514 -0.10443046330502298 
-2.3728327065217636 -0.7036003198914947 -1.6506450916129487 -0.8390626054128114 -1.8250132811943265 -0.4551805512016315 -1.8111948112725635 -1.9384333096674977 -2.180772782078775 -2.7095965461797906 -4.207335912783252 1.43562030629039 -2.6861148707389795 -2.7517792559455785 -0.8182418768891845 -0.3472338344611475 0.46260298814695183 -0.42731003908003673 0.7390084977079608 
-3.8360762930769017 -0.6386769686424 0.2926188178764845 0.26975858960118176 0.12516330039497464 -1.090834295347251 -0.3252574368755458 -1.034013562415879 -0.9292346543822613 -1.2477249242580062 -2.0940908557522753 1.9951839703673804 -2.5913897225803586 0.3253157310112174 1.2111289397957257 0.10322316340411106 -0.2558133414819505 0.22865142735680896 -0.654400509980377 
-1.588815377119368 0.553117078162356 -1.540926521357708 -1.277511475076773 -0.7261928311726971 -0.9171823730887039 -1.0606306661720593 -1.160392321254428 -1.3061933220462327 -0.8320493529224875 -2.1014550922322788 0.44867985672672733 -0.38432532469943104 -1.7502566181299009 -0.88018989950071 -0.15458854587140455 1.220827675730352 -0.21477031584731324 1.0226919267737815 
2.9159676090639532 1.221388773791593 -1.4136152480750062 2.3204735276386463 -1.16033534206614 1.3499244428664359 -0.9534347990565197 0.3681604890434353 0.6920135489340923 0.4272299803092092 2.441042851651348 1.5332435323143392 2.869796966453147 0.20812610364869624 -0.4796693680679863 -1.0334477392326071 1.7736727830246641 -1.8039989979046358 1.4101375008801686 
2.1444338686958333 0.5125976029467162 1.1663882589262722 0.22353738622495326 0.8744782459440739 -0.39550474593776097 0.46547832175342724 0.6023238847963412 1.632196704246585 0.6962230164510682 2.714116077858303 -0.6914708379672242 1.5606087862177391 1.6861194652755396 -0.6940458650742761 0.7217339778427658 -0.4491585378200294 0.1872273093717725 -0.8405297934451398 
1.870900758975615 -1.6007929714073605 0.4631417934827876 1.2902264012309512 0.7858180573274866 -0.5637057693256252 1.276513825063964 0.8544447582917556 2.1636410976693194 0.5595611313292023 3.7821385742091005 0.1093616182402902 1.7299332485457433 0.9481104147944296 0.44388248860156154 0.48587392316703354 -0.3027577508597859 0.31219767807147036 -0.33632952456135257 
1.1474852956268795 0.2280111368503121 0.11020538854419921 0.32227205970502265 0.1732561799456031 0.2668230115148421 0.21237093177261807 -0.11761212897336376 0.630312057972269 0.5511424762712989 0.7495799077689715 -0.47763731991246655 0.42377092869172 0.5640044381683692 -0.017591139535451383 -0.14314029926334293 -0.07001632093793857 0.5610956287707618 0.1772934069235322 
-0.7849843477803473 0.1331932147465604 -0.2274625266014612 -0.4001398118050964 -0.5728802762903623 -0.21509392343979583 -0.37100814748892935 -0.5908787192473847 -0.9353454071423688 -0.3759266453224832 -1.619727580959331 0.6229738555022952 -0.4882450602232765 -0.4790414754056071 -0.10087176062947949 0.2761353867038465 0.6696763210154258 -0.3454637408507252 -0.1047615954498251 
2.883337051107813 2.0119992312893262 -0.3782653583116325 1.4570780925444247 0.13632056217409286 0.9418459734955141 0.37994453369963815 0.894621190060735 0.7909982127515268 0.5493939036299669 2.7722822632950157 -0.5160249327664748 2.8296219689213804 0.30580846984502036 -0.6037460700702407 0.4702852565925462 0.001052171234464693 0.6171018316557998 -0.2040197534424333 
-1.4111638160217177 -0.22335061841063586 0.14887686223452684 -0.11157710934024538 0.06843169778164507 0.45394284031822574 -0.4016139099463788 -0.9212498951411676 -1.1874815448338711 -0.7300143981383562 -1.1467066304664972 -0.2889153411929854 -0.8611017141282614 -0.7835050179531042 -0.031627445531133266 -0.043197113993085484 -0.24532743829215772 0.8009993509557473 -0.1256901598200252 
-2.318154451844439 -1.643240947991889 -0.1025828857614047 -0.8545801864557733 -0.460803372040315 -0.9991502557853814 -0.8217107643895557 -0.37169809435368684 -0.851608741622758 0.3524429703739054 -1.9480309734078607 -0.9731126042489382 -1.2545825133088682 -0.17831040749075883 0.534673883715824 -0.1512696773277487 -0.489728943799822 0.5358800979130639 -0.30829175113396134 
-3.131952623133643 -0.03746261409847548 0.27090302499167174 0.2648280218690097 0.2989027427634869 -0.7877901176088041 -0.20204937508637663 -0.8666389496338736 -0.46791562890206523 -0.10480092491151542 -2.6587989760913855 0.2916216038055731 -0.8439809144422323 -0.5332402908876898 0.8255982213629908 0.7438834370049772 -0.3555201405387527 1.0676520676648886 -0.420856603913786 
2.166997718554929 0.8633624903189866 0.9521463394772437 0.7730711726281752 0.108033589348929 -0.2161674958510543 0.9337346726948362 0.19556749991701977 1.0098279433341306 1.0304770273725234 1.7356694910938042 1.3034453458274875 2.3554520292956513 0.8331781731113724 -0.291489769843228 0.5193325812009504 0.13990335014892744 -0.45321960735355604 0.4506887483170701 
4.181618123600502 1.845339032426344 0.21111214660657882 3.1588191070571217 0.4041437205985683 1.2488175257836927 -0.5670583145608005 1.3560040847927386 0.9450520777718645 -0.7979797698836413 3.142532926534608 1.229827377844872 1.0749541731246877 -1.2232399053326048 -1.6479179191843352 -1.3181642154631539 1.3666539315960966 -0.9826278797978395 1.1935226703327078 

-0.46432405149179956 -0.6405400991533318 2.6055086156740743 -2.2918916402572433 -2.4620842781104386 1.8352395961602201 1.7601979654131619 2.3442014735726318 -2.8277811284677963 -0.7920573408749838 -2.237135324324458 -0.051116180019143934 0.5382084478082343 -2.860540341739067 0.543434336986101 1.8201327514380001 1.496147597777912 -0.9580500457291075 -2.410504745809585 
0.5414194958751705 0.26964146043012377 -2.819891544680403 2.4135663412629342 2.4780772176360197 -1.7113115796856626 -1.6532276543952027 -2.1486964579669845 2.7589804869673804 0.9173604796789636 1.9902507885616905 0.38384357591402174 -0.4663213109700389 2.6146481348564024 -0.4822564256438218 -1.7688207963973677 -1.355849719590638 1.0321924062253778 2.8255685321645956 


-0.5203236594334001
0.4572675492597752
-0.7399184819387352
-1.154281088115988
1.0437568054322688
0.8030830486655042
-1.2759377325023802
0.9815267834602486
0.7305505066317969
-0.7154738812483052
-0.5173685597659966
-0.1865293569969085
0.1310612084015005
0.5237293202018701
0.1558807876279047
-0.12314540724962794
-1.1817959804132265
0.1738145603116242
1.745047443873201

0.8703417803490063
-1.076040600187168
