21
0.30536523369260204
-12.4318 -2.9804 -3.5932 -1.168 -2.0304 29.1079 169.222 93.8986 154.9971 86.7433 145.2268 77.0045 -1.2238 -2.8904 -1.5587 0 0 -4571.5298 -289.1638 -5121 70.23 
5.635 4.1367 3.3418 8.9601 4.1276 57.5725 300.721 185.3987 375.1674 233.6579 841.5505 346.5888 0 0 0 4.4541 3.5552 -3152.3201 -50.5913 -4642.4502 88.8664 

1.5375333093664554 0.2862210704230279 0.2372030656753897 0.3633692481329147 -0.3603830193236032 -1.5778352969449414 -1.1556515730604804 0.16006153877132506 0.5120709116682572 0.3945396188249502 2.0631437321060364 2.783989317891522 -0.7950937789073115 0.6595714286413125 0.596337993802934 0.6701222618896188 0.9123110241310994 -0.44625780278807303 0.8719387196795954 -0.04822459398744041 0.3483693377520764 
-5.879583782198859 -2.981809211469505 -1.330292356565913 -0.34399761035220855 -2.521263791314883 -1.3192462236971907 -0.8153157929870222 -0.49042772276897045 -2.52194424178709 -0.7342426979155863 -1.4369607617386002 -2.017255583155924 -2.9322232520553975 3.3478504100293414 1.3270091382700473 0.8711477012702646 -1.0109341822784554 -1.2971011410631001 0.04421980346802551 -1.3415213921065547 0.9378280410376317 
-2.0034272424526 -0.036336159459703296 -0.4239159299462583 0.720412127271317 0.0036712273460868788 0.3701308795638913 1.1030763857154595 -0.9310277436394225 -0.29001092765437964 -1.3472983577407782 -1.8440389287609917 -2.978784862220442 0.3913458036445146 -1.470427444769734 -1.2576801922300178 -0.11916796378773903 -0.415175869833587 0.7968324074246459 -0.4766041315236478 0.8479626634902439 -0.21120839811482664 
-0.6901290064839689 -0.3486448976803936 0.8725271748037235 0.7243030845659876 0.5502525117980285 0.6481685023546135 0.6757976372320245 -0.15371534734044887 -0.03761876166547999 -0.2762867595472139 -1.7076741585078288 -2.347947224224028 -1.537283707735906 0.16825463597141768 -1.3064665579791248 0.00680493532650839 -0.38790582600234513 0.6643980412920708 0.03659241549887879 0.6763481031505867 -0.5008557113844998 
1.0596038058156207 0.880020620651675 -0.3558381913478889 -0.6302336929580891 -0.11610642075843308 -0.9277537849264175 -1.1724778669591218 0.38944708257971283 0.4642908437601554 0.9866565757081566 2.544809698503399 2.7265422792045704 -0.334845830285332 -0.4020240220702298 0.902948641515596 0.3421702423506944 0.44041433378321676 -0.3395058451583888 1.1853898962435994 -0.2761323929505426 0.5448332533804254 
0.373385860619448 1.1121825962110907 0.30864186067501187 0.18185937255646256 -0.060792424281280934 -1.161189982003844 -0.5774578817103785 -0.015465163331779361 0.7981983039510604 0.2533858901715309 1.6552457941897596 1.6431461955952353 0.247478601535991 -0.18394077475223433 0.5225126428605169 0.4002871008530601 0.5813648895637034 -0.7670223938340703 0.24381175967889374 -0.08409318944856094 0.19865147560190596 
3.684201758112306 1.6892943068195754 0.7242130424694058 1.5811062128955047 1.3263980345224724 1.4768808682928367 1.0914421788784356 1.4623515242991554 3.277462010102375 2.2965857875822873 3.2830796223157708 4.994023829186728 0.9028187237235203 -1.7970376490992024 -1.0463128499877252 1.79329446846281 0.8408204305455267 0.6840681425361567 0.17764982600548487 0.84394533736858 -0.5972473614063644 
-2.3072091812563875 -3.345070259462398 -0.8006561159928636 -0.02229219412314745 1.3694960840456591 2.7840984964720925 -0.32114564766994996 -0.06060352366880025 -1.2760100407394372 -1.4478553080706333 -3.6655237382396386 -4.309057807592694 -0.44482203189238795 -2.711443386958072 -2.847712370758524 -0.9079747331064645 -2.3084595740106706 0.43351484033931814 -1.66465100965764 -0.06137081412442367 -0.7220274989005383 
-1.0392157083424916 -0.019774390016608537 -0.3546628231249889 0.7370591859291749 -0.12614818807524492 0.4857037610530564 0.47495140178163386 -0.528645811327839 -0.507262660095877 -1.3178067844692019 -2.218565847558906 -3.470372843163478 0.577159200312475 -1.5981444826623072 -1.8634836473869496 -0.485021424119136 -0.7530893510122381 -0.06485029855046241 -0.6268172454854548 0.5880198076533228 -0.8748207437403993 
4.5733622242849234 2.970851349359831 1.39343281431299 0.9546691578461934 0.13102563305719267 -0.10645531392530039 0.3873159197844941 0.7892414064067577 2.662733758660332 1.086770604233965 2.2786872186212968 3.1975294077993195 2.2869617667971145 -0.33105671447113816 0.48795755118505213 -0.8985908435540189 -0.1604247598784288 0.41707951943404614 0.7428898162002708 0.1910162163059915 0.2794461327378864 
-1.4138203275510592 -1.061346748098418 -0.2890791077221346 -0.7229131861859348 0.04275757891278222 2.085818832241841 0.1968245271694146 -0.5202154145865338 -1.574860816079685 -0.9173607666069827 -2.658696403996874 -2.930583390103756 1.0929896701413413 -1.15695983082264 -0.36070169135712754 -1.3947396397183949 -1.479855760782143 -0.5173689725906022 -0.5466702262851978 -1.2192211993612572 0.7754878448637504 
-1.4892714704709378 -1.177282217555935 -0.15235833304416166 -1.2277988491098701 0.08854554005807687 1.82127097137981 -0.609016315269466 -0.27017420801015424 -1.1881728078237856 -0.5154348467880915 -2.382026121842611 -3.029786916938305 0.048533443907055704 -1.824072566760597 -1.761541031292229 -0.5547140169954212 -0.6033950891025671 -0.08889432688568384 -0.1224655863438217 -0.024803135594912953 0.04565846236472613 
-1.9354232998362104 -2.0249033102532743 -0.13881829689165212 -0.8023178597445871 0.16105945180452091 1.7717132268384055 0.9805173184881364 -0.9070513704860043 -0.5358662017721927 -1.18620674881905 -3.435214990865185 -3.470662584665843 0.1062794557157659 -1.8287276207991257 -2.5467138806011964 -1.1527985691373774 -1.7754277868826813 0.6908180292312202 -0.6060750442953073 -0.05028323184703349 -0.32079809020002786 
1.6007342492993453 0.6529821207227664 0.37877117714329467 0.761535233754706 -0.4893222968927017 -1.620300526465941 0.07631809885631764 0.26862814292666093 0.3431057848315903 0.48251757817280766 1.9003460180736513 2.2254575391587483 -0.3753280042528289 1.330395961765198 0.44499215969153216 0.48252290359218675 0.888908784773547 -0.4718755145748847 0.8289991645568402 0.5617591250824602 -0.31845252265310914 
2.6989443817935244 0.9198048584727128 0.5826699072640021 0.6380148935067654 -0.6397944194226346 -1.2495833835354575 -0.7145497926543648 0.4791825218385586 0.27463283260881954 1.5034114942086503 2.80614520417308 3.591829071009186 -0.03296309140297561 3.795480219953739 2.7105640850937527 0.0890915671568212 0.08636875078893162 0.24227834056253614 0.6632041924180723 -0.42363958182043204 0.5843114753778885 
-6.860081630286912 -3.2133092003719073 -2.494807956199962 -0.9563283900602048 -4.909735621277635 -3.310472313699287 -1.348459921021745 -3.6003928347002505 -3.1437400744805344 -3.101126225196871 -2.024404785518179 -4.142317125406576 -1.0354541171977667 3.5453951034733198 2.0231518279370557 -0.8954719607827156 1.7159508962494059 -1.7800158980060816 -0.7777424547322251 -1.5200826624246253 1.3463290241216823 
-0.8411037344470612 -1.1577275441847246 -0.4862855336201857 0.26481059961627207 -0.37882846733858583 0.7619560067126488 0.11029397375861572 0.4804213352206493 -0.4307742434962057 -0.306658147183135 -0.9798718461269924 -0.754409484635068 0.7321540298652491 0.19094750161106522 0.04129142022536325 -0.31554494964663293 -0.4842790664704885 0.26924640582805404 -1.152187621609929 0.37712038511310564 -0.19796414076001892 
-1.157784812202468 0.250708331600862 -0.5067920885871886 0.15471574521146422 0.23744840848582904 -0.43805050271945484 0.2469906938876473 -0.3090116060702031 0.4363052807704456 0.07484455276894342 -0.27803741255897496 -0.14148173729267555 0.6723039281984053 -0.11265791449786439 -0.20102738483268637 -0.12218959738170493 -1.0200810859302378 0.1978746042062369 0.2288007695997244 0.5496776456179618 0.23232803188868373 
-1.0498774250097092 -0.8702696450936327 0.20230519153519305 -0.9464949708844855 0.7883900239563704 1.4859798093552412 0.41611688206827335 -0.06555808167235873 -1.1839035542680592 -0.02117618173336546 -1.7721868640492837 -2.1460261214746414 0.8185728551991077 -0.5844684786762107 -1.378489444319886 -0.7495829118072488 -0.4288502148183335 -0.2533651272763846 -0.23461816787409903 -0.05682545719622504 0.3676470790506499 
-6.05448581292755 -2.9256971689901548 -2.8201151567254867 -0.8613130057072096 -1.240257666956596 -1.100812184132218 0.5183843892271207 -0.8676761641100708 -1.5448145233030992 -0.6869741158802658 -0.9046898458959601 -2.1190844585644233 -2.0250563144333467 2.1384347833720594 0.09357459539519145 0.004570969431677906 -0.6966070376574859 -0.056203381088504395 -1.5695291011634505 -0.28493333641012536 0.31971573780734736 
2.727411748800505 1.2904089890735349 0.7976135908351185 0.41804232405275377 -0.30330920257881894 -0.9532538719390157 -0.9448426863656946 -0.5510764906387555 0.8954780053204295 0.7452061448150777 3.25129933238272 3.142611988599717 -0.4425834372380481 0.5160344193347896 0.6481766703987284 0.7710441533098515 0.8925988979133044 0.021420835538819183 0.4094094222974802 -0.30559243476193343 0.21783367725190567 

-1.1582235810161043 3.6036189136600205 1.2881348824837122 0.2513340107939445 -0.8037869021253637 -0.38041741412134744 -1.8419045568733234 2.6874933748159635 0.8950858117448722 -2.735565146663542 1.896738925455069 1.024126502996327 1.5990398643741948 -1.2261442587193663 -2.0363676187136845 4.380564456319141 0.13139848211747718 0.07568768137222343 0.8070551023076205 3.592967589964028 -0.9517664649694584 
1.0073487091086197 -3.6853440166226528 -1.2474463473500867 -0.6057221267150914 0.49038142152648106 0.5156619582693808 1.9172978484100918 -2.595817947178348 -0.9044717683012546 2.632102363646332 -1.9304970371188583 -1.1113080448412826 -1.6004066794625786 1.6270102976578946 2.0617221277527435 -4.186096281411617 -0.3801023363909607 -0.4421430190832627 -0.738276021627163 -3.8164449121368014 0.8935640373112514 


0.6352889410888258
-4.968199058935696
-0.05705090545957882
0.8028611283258869
-0.08799622692963915
-0.581880078442301
2.5458967369562173
0.5068780375369453
0.3596326693097357
2.934555141358685
0.5032703987747333
0.8254545977663789
0.5247746307087434
0.4674669890780071
1.1684242652622499
-5.405016352098238
-0.7540607682037622
-0.6494850596337649
0.12506940165188957
-4.1124334810142855
0.5952349103780243

-0.6634293720945624
0.65150690061181
