17
0.05588687690236993
-14.1291 -6.0284 -2.7759 -2.532 -2.2846 27.4084 170.6779 92.8503 158.9892 87.6924 144.7298 80.3995 -1.4143 -2.6305 -0.9071 0 0 
5.9065 4.7899 3.2041 9.8019 3.5791 66.0087 281.2407 199.0159 349.6687 236.9478 959.0842 295.9673 0 0 0 4.7569 3.0907 

-11.696190344484851 4.283372672969922 4.378606717265312 7.390402797152564 2.536617393938551 1.655839019792107 -0.8206112302258329 0.6191863632197291 -5.097643396686497 -3.627674792209519 -9.344177513559389 -12.033107163685457 9.636800230123928 -7.6988108344815664 -8.69539553403381 -12.316577146820729 -8.419357096850737 
-23.58495983411025 -9.908437074608626 3.0516942670722482 5.560419751380321 -1.6099506393776468 -2.2393990632264864 4.376311273828071 -2.1950077754283743 -0.2896445362704739 -4.155676235809187 -2.7730973995557204 -8.248459925175613 3.3047678638950386 -3.119948570629411 6.845308419448252 2.2815616276606474 2.119243161890203 
29.97811500037589 7.259400994458754 -6.140106201751375 -4.903428927674615 3.3228886367224026 3.3168797229917186 -4.176250616768413 4.7531856892333275 -2.2197636334311555 9.197489728841962 0.3945285119298124 15.172348570459658 9.080636870803069 4.507961259155224 5.126909398042107 -0.4846328245239487 1.383359692360119 
-34.439277238534174 -9.009120437415271 1.5269119667692548 -0.1706899258034469 -7.0379484959224925 -6.873978802193199 2.593632422607546 -3.6663081623696674 3.2003732190935588 -4.858718256369215 5.368335666735643 -9.972628607780447 4.183999761899549 -0.8223426020591666 -2.9609206856096937 7.350262492270032 3.425129290464395 
39.20835792888398 9.894040100041291 0.20123227782430297 -2.7959380241458702 11.62967535743759 14.251943254444322 -1.7006948662272172 8.265584833478147 -0.5225400872044154 10.200383300502196 -4.201886468547902 13.25876154998168 2.9471889687209307 0.3224562499582568 -1.113095632516859 -3.6632544141003263 -3.3484963763727915 
-18.498254519490317 -8.556251876051869 -5.443331463232365 11.285350487684072 1.374132474786842 -1.6275437418167016 2.961216909294308 -4.679049215071498 -0.10888642500877567 -8.440979768159629 0.20785662159123264 -14.756494951075963 -7.172203119452059 -9.844167526307695 -7.590573080367451 3.1344865143291702 -2.2028536448568765 
21.407994752793975 17.18369519040491 4.05394490648715 -5.087434530927815 -5.249526370781458 -7.46273787403692 -8.454928570865732 -4.59717423180559 1.534793648268669 0.18358553106685113 4.319998104491594 7.211166244765158 5.416136355749501 8.96380321391959 -3.735808220604754 -10.312437031697115 5.603018818199091 
8.660050285891572 18.61090257426767 -4.136322651681988 -16.84726982936636 -4.8790998057596715 -0.24960217419510417 -6.294738615295562 0.3342284539491713 2.348523045648615 4.585867297501421 13.8086620367058 11.648461862958516 23.162238201137995 7.983078049929488 -3.189031718806944 -2.560080154548029 3.823169557300358 
-29.290827459992894 -6.12945953529227 -1.5170759202134934 2.746359299338495 -8.105386838765837 -4.354854010604458 4.320632555717085 -3.9553162291632646 0.3145580338672948 -6.699483607271093 1.6296877386687159 -11.60625097158288 0.61753719709103 -2.682400563417346 3.2833966789393725 2.189544990746595 4.107126106654547 
33.57160381732707 13.064229757886741 2.892092434488467 6.828774540363802 0.9702462988623533 4.4848841017957035 0.2328750759205344 9.995411761836783 5.5140053664631115 15.814847850031219 6.261554603235103 26.22537447545817 -5.263346669710056 -0.5012841478672032 2.9763321856888556 -3.9465093734276087 10.295422502667547 
-22.127346211086987 -6.212830981673458 -0.27831345382922196 -0.08429508069463937 -3.408521710485526 -1.7118434778504517 -2.8230226101256837 -5.679598012028856 -11.040000367373805 -10.006364755927235 -10.53864263731224 -18.60808378736446 3.1012304807218616 9.160481489413984 9.741205398206649 0.4653898740453623 -10.575431964293305 
21.885527964036118 14.715658947862464 7.654719159520108 2.3716223898269 0.3705509581040049 1.4678403983845718 5.607909693023669 10.466319052635434 8.720370322853677 15.808427769042911 7.099905527461673 24.182425213405157 -3.0616706770080677 12.989999395660913 9.22094871849537 5.614944719463145 10.822392496646152 
-35.96342502405777 -16.767564169898378 -3.150478860910813 -1.3187323580896608 -3.0536457268760424 -4.748841909335944 0.46457159537665077 -5.037222169847336 0.6212430289673265 -7.534332020261921 3.9323609854684203 -13.232070985069475 2.8254638002485613 -0.4046796406797597 5.802070518338344 4.496454370763404 3.0590596250000655 
-36.193221118965944 -15.352465482736159 2.1587777655504516 -1.7779368213273432 -4.827931135991455 -4.118556022806124 4.235486940771727 -3.004383353599783 1.9727018995398466 -6.992246007274722 4.9780615478139065 -14.77670071774319 1.6547334483298974 -4.501720914427066 -0.15348340431218752 8.662739804119198 3.5756533946307543 
-7.468391864412608 6.750399260489197 0.012752375037396848 16.145982393583935 5.196437919716789 -6.364882544041766 6.273296854176353 1.1592891761778368 -2.0787307680850526 -2.597421903611754 -11.819136136400624 -9.707251620995686 -4.922468499220257 -1.4280700369331516 -5.466504881073252 -3.40503222917042 -10.350003329369427 
3.6267371910992576 4.1122237678942195 10.844745417048385 -11.44866113956587 -4.404975112175272 -5.726451872309488 -15.496074742974308 -11.070432880071996 -9.646513296570587 -6.79654030735616 -5.7643408258680235 -1.3567885379329705 5.0475528826427984 1.6017175884892672 -4.6781581451157255 -8.551028153006358 -5.107028448421277 
-20.169453520766474 2.8329082636452805 1.7788196132786178 0.07039701906553013 -11.908509145934426 -2.145322266901628 3.8607162655472504 -1.761733914544657 2.034517201899827 -6.568298961593953 0.5256538749983063 -13.919497721060596 13.038292610229513 -16.158852625370876 -0.9297667544431695 0.47735514505617865 2.229521613926569 

13.969903183277319 7.128463430706457 -3.2957096594937423 10.650707532600464 -13.17349588143117 3.9468654894487294 -1.6196924143751863 -3.554799852851812 6.885792539801473 -1.9795403603247939 0.9980355596096421 -1.1222710371513847 11.00283396384268 6.291636289795564 20.462622919052183 -4.49214091729517 3.226386104865098 
-13.962989576367388 -7.120356445490896 3.294980014205541 -10.651998767442342 13.180794467019368 -3.946939806673782 1.6197817145800073 3.5544054992347247 -6.891834408226403 1.9802623502367418 -0.9975011477515989 1.1218613853341761 -11.004061952550087 -6.29352826262217 -20.44354830486275 4.490689262705515 -3.2259483280788057 


13.271131193583704
-1.489174296611289
2.517298929237426
-8.971220696674326
8.78653743832374
7.749901457505133
-6.400554240124966
-21.800148788984394
-8.744837527961026
0.5563167691116425
2.9469050853619367
-5.106264659680979
-10.35416588437822
-5.375843865475124
19.34883978152261
-4.666231432532546
1.2594631004405383

21.54310509030501
-21.578658529334767
