21
1.2430116374668811
-10 -13.4467 -3.3539 0.2646 -1.1718 34.2873 178.1852 105.8873 169.9986 96.6716 162.603 84.397 -1.7579 -13.017 -0.7889 0 0 -2396.1299 -150.03 -2823.3501 69.205 
8.0723 5.7359 2.9447 8.6335 3.6352 48.005 234.1662 147.5772 335.6645 176.8207 933.1666 237.5426 0 0 0 1.6968 2.0301 -1671.52 -28.8038 -2512.2 86.63 

0.20948142016338303 1.325276714700197 -0.3754690227258834 -0.8545608403256558 1.0241211046126468 0.07681684856265476 0.35732089652339466 0.9158519387144489 0.662505405456837 1.3188856210387123 0.960372365600273 1.3295149863368356 1.2999510630510103 0.6168271308430666 0.4536338833600381 -0.3096245662246813 0.03351735920617488 0.5532037556647017 0.2067214055246156 0.2558134138432163 -0.6277656297632953 
0.027700872946335484 1.6732294076858523 0.5728577438267314 -0.7731470783534076 0.9402741988001448 -0.14865629071178685 0.9930505032934387 1.3128983848354634 0.19095594656894996 2.4309861585363697 0.2062708015097323 2.1426503233536107 0.2389439765965005 0.008909760591286852 -0.29337658738947303 1.4678275854190899 0.012466192191927978 0.65321674520373 -0.26147914772802366 1.459654453477723 -1.0588196796309726 
-0.7130690331271465 -1.860782936355511 -1.6709465953005374 -0.34653608178017997 0.06514552157627258 -0.0930088635769089 -1.7886216777395574 -2.289554514894694 -1.1126400968361436 -2.416447102395896 -0.9416972076939244 -3.5007327350463338 0.012970343116724967 -2.092389006399628 1.7061732333702115 -2.042573395387288 -1.0538265728465037 -0.7226250408573859 0.8602983140896863 -0.8433130995143437 0.9931615588162647 
0.5593672782888975 1.2102485203433029 -0.009996163299439071 -0.11155610292436885 0.22306581243505644 -1.641637016552584 0.12023298561719514 0.27689486012398684 1.0310700150548668 1.450692918954552 1.4001243970537014 2.4435150813679445 2.536686679192997 0.4692057883121054 0.49021343757062685 -0.31865142710758054 -0.25961318001484956 -0.7684433359306949 -0.26913629007811096 0.02445912122703807 -0.16947166319952242 
0.2851613644581947 0.7135090530980766 0.352382541302512 0.07960192071439016 -0.19189205264271222 -0.7957487946130896 0.424132702154471 -0.21021972961318822 0.5609416256420574 0.5045003046019555 1.2773326436703625 1.3374027828576214 2.3102686094287623 0.6348530006660756 0.5593196407064858 -0.435831193866426 -0.2120763266925199 -0.1066251191641781 0.15251950657561078 0.04717661386881272 -0.391776164994307 
-0.37749048945138736 -1.8098816159772502 1.2850172131693356 0.5259078461337107 -2.3724645331096355 0.9987809152169677 -0.7241637441221822 -1.2306333018985602 -3.254260458382799 -2.243702227457727 -3.7625807621040983 -2.77531893950743 -1.348060694566273 -0.7675430319182011 -0.3438511423286068 -1.7614728791616399 -0.39736279981933975 -0.9943491104823727 1.1222410427676703 -1.062558087006148 0.6066190185297538 
-0.11963978877219768 -0.8073282262528018 -0.01761236991645853 -0.15252292506777237 -0.14412607704806749 0.17155032581263058 0.15684124543756728 -1.0868374212260012 -0.9949775250674654 -0.8246392969519011 -1.0317620497748692 -2.0465571585223628 -1.230102529838993 -0.21156606650541965 -0.07619291750667069 -0.5239135581589233 -0.4790070145155127 0.05442073329866377 0.006681022964830933 -0.36809529225246596 0.6376106002694056 
-2.0304368518219076 -2.429724343636518 -2.3832889134534336 0.9939177397812508 -0.4962104723455119 0.8728074445273063 -1.0336335971984436 -0.22966248514410315 -1.3169025245987291 -1.462355407792371 0.03349693247328664 -2.004104480176333 -1.2347368452129082 -2.4522433506776093 0.36147474360817006 0.46213929503421625 0.9826381890126438 -0.39500828919317743 -0.7797225562401516 -0.2066934657907191 0.32925749114928743 
1.5929699119224288 2.5569154549760635 0.7514815012757338 -0.11633907714676141 0.5887874049083665 -1.058662134109091 -0.8188955600979464 0.0010399568228456738 0.9533163087758206 1.4123485463234715 1.3465981235853768 2.1045752446571577 3.3982749451582053 2.0339531134540536 3.3814715337520966 0.36739851958710246 -0.00827441411391065 0.31966842735489326 -0.010164451429928925 0.3588782350473925 -0.5939179042406331 
-1.8197810274838098 -2.3909672645756164 -1.2860623640095115 1.178119130279002 -0.6756547273699904 1.032700441176674 -0.6845896564332933 -0.3192330498557552 -0.6631928193113115 -1.7046641656585282 -0.8255817780106902 -2.5345699544518827 -1.245546749297656 -1.9993311843358148 0.5165427435149859 0.5440831844285081 0.9468942475178098 -0.19228008684099973 -0.7458583578570764 -1.101217508800497 -0.1509060823393406 
-0.9776173333109455 3.3013724858619495 0.8627639783388528 -1.5084947086885039 2.0798716986516363 0.8098823518157591 0.6414544500487587 3.2327492523729844 1.2635970563016006 2.943790601397009 1.0688698356738535 3.7476536988918108 0.9637257040884407 -0.3703483239699457 -1.5022336943818815 1.2057277488064684 0.8161342317541725 0.848359452232814 -0.2316880108367672 1.541881781791907 -0.7705627675766185 
-1.3240670876323526 -2.988232446325914 -2.7325844246273685 0.1932866681606521 -0.31088356021513486 1.8944180204273062 -0.853003167944042 -1.4449789352254687 -0.7287723238448609 -2.2554577997548595 -0.7186530556578292 -3.4037649609245486 -4.666140447338137 -2.4641099675867877 -4.47415170161665 -0.7326841708597223 -0.07558628356583495 0.18684674656435687 -0.18892161457222986 -0.5796084340646447 0.03246081900143824 
0.4834593158494027 0.9652995757935877 0.547658041368311 0.530770377545303 0.031654713591689046 -0.7766432751717464 1.1957217488817289 0.9530308699311691 1.1551037525804286 1.7582081802311302 1.3932528759119565 2.9895820607331682 0.4714615247074865 0.43282326999884607 -0.9472331669324608 0.5058011758224408 0.4489346207019337 0.33007138644534123 -0.37772444646464404 0.4277015078819503 -0.6165177039873234 
-0.3690963138333108 -2.127850126790755 -2.9960161533464658 -0.1608612257445585 -0.3705229075228412 -0.18910036296614882 -1.9361464162477875 -2.2232811844577824 -1.4310482930859747 -2.31451310540125 -1.4995847774196884 -4.1698752943415975 0.8578588526613266 -1.696749931446067 1.1996040957320688 -1.8013551803265824 -0.37314858787479477 -0.003954442179608903 0.13731010037717617 -1.6622435824885677 0.49390620029534166 
-1.4669318727563643 -1.8428589664108337 0.2036971299642605 0.70978298853597 -0.5509512238931872 0.7630088702931758 0.4126999943084633 -0.4717828667466776 -0.6314982939641566 -1.1515228243269249 -0.7088235956672015 -2.1733954975517835 -2.4874746368479124 -1.5810749610894146 -0.8779430726521359 0.21772813129842267 0.9461706366802699 0.4999946863692409 -0.8704165521928482 -0.36933068499443666 0.16718620483691232 
-0.8620318251161714 -2.0881174607806123 -0.33097485377449193 -0.945936173805246 -0.3367736377977247 -0.605180081351819 -0.7738059782378497 -1.6999390452085885 -0.44480130116036504 -2.7760731910186562 -0.19211641503978444 -3.5471499383838485 0.7409480954335104 -1.2228390109092326 1.363704068608517 -1.9711067319523357 -0.750405331114431 -0.9614834456750677 1.130123485462849 -1.7717007440143175 1.6477412361693433 
3.65118421641184 4.697090353469196 3.017565829716287 1.0636661944425216 -0.3193969822848763 -4.169328867866039 1.8086183827164244 0.2155333550088361 2.970133939677273 2.213272062903433 2.104630957757843 4.185310175653008 0.952927293746282 4.3310957848703575 -1.6956197700807902 1.3995954123001768 -0.762340167043499 -0.6772956691374196 1.8549062034586423 0.672363591763669 0.6827919276703365 
1.2969189045808707 1.623800843148034 0.4329121278799277 -0.550655549023575 0.4387639069258472 -0.46518067418245623 1.0436997356487299 0.17935876968696038 0.9992795372561184 0.6571003829789878 0.16167162508236052 2.0471358220300075 0.8945263807599422 1.2295849552901579 -0.7821976434527548 -0.2762947330824538 -1.119851316877709 0.39240414633075116 0.6359877490116114 0.25968140010321555 -0.1280070950489884 
-2.301189358074979 -1.830849434909188 1.320797186235438 0.0345294801151834 -0.8018029974283655 1.6660272684439321 -0.06750882710697899 -0.05791557024631988 -1.259471011537148 -2.34326488554646 -1.3430799863049907 -3.9573369753034036 -5.558228624548993 -2.9645499381104434 -1.9904437120077423 1.0895120937611487 1.400669661761543 1.0340621278012867 -0.7982937524804902 0.1074370872400488 -0.1320538116412443 
0.5088935897410436 1.4941463558817119 -0.026445985978019716 -0.5133924726684508 0.9196974745716076 -0.48553634598407885 0.26854971342983414 0.9708931870531022 1.0585076620936755 1.3039094671734206 2.3220323502655487 2.600705342313778 1.3766446077336458 0.048185297546184426 -0.17381140676356663 1.2428318391354636 0.42444913492124464 0.37246068795683757 -0.9745709563172222 0.8196906462598655 -0.4127722080567943 
0.5816378162732903 1.3365681871765516 -0.44566551360957934 0.21761792621974596 0.9044439334509405 -0.8685080685924985 0.1557159880911245 1.601348994820174 2.2700894740945157 2.1088833970622463 2.3260402889370373 3.471415213475821 0.8407061321530418 0.35811009910373065 0.6460821348141335 1.2727311187489405 1.2790338208990084 0.03627263231133524 -1.1226828515423222 0.23676561169765525 -0.9179009873265432 

-1.7528834792533736 -1.2525922251840866 2.5156960419863763 -2.74311309378038 -2.5157089258040473 2.834961984379559 0.6976785741819276 2.3337443552681276 -3.6483273336819093 2.0614138056907416 -3.08888841134506 4.28450896750136 -0.6847715156160356 2.2285610289723916 2.1224310893101475 1.9157200154165568 -3.802676117068241 -0.8792797484613346 3.951842369156217 -1.7552064286129914 -1.2853198516297597 
1.5958656629355488 1.2695143422621655 -2.2841158049566324 2.6281593032463317 2.0147999686744527 -2.9360802404964 -0.4721461872596349 -2.145569638288898 3.8788032981308334 -2.09201129807357 2.804325112088122 -4.464294278312162 0.6450182290714767 -2.3541793119162926 -1.5130746078589155 -1.9964787718704415 3.896306151839315 1.3233129918947444 -4.308805914428693 1.7913237394970094 1.406141438845462 


-0.8861513501633768
-0.5301857903254428
-0.6711687805347031
0.07760826694495898
-0.39756161414580815
2.6594880117755935
0.03671503990018519
-2.1609925921756976
-0.057287616076213625
-1.3951001022041656
0.6119174682997874
-0.9981268920740605
-0.8769348946730651
-0.38986452999394766
0.23166706520390468
0.4426453182003932
2.86458397216275
1.1046654823487008
-0.4266488916005467
-1.595269687212898
-1.6218940646957818

1.273204880229386
-1.293619529409323
