21
0.0
-10 -7.3784 -3.8869 -0.6543 -1.7231 31.7908 176.1148 100.4627 169.1722 92.4758 147.9607 82.5614 -1.4381 -4.8769 -0.8169 0 0 -4601.0898 -261.3313 -5184.5503 71.9073 
4.942 5.2771 3.5845 8.1704 3.6081 49.8462 246.9794 164.2716 299.0644 183.8122 708.0507 228.1081 0 0 0 3.1382 2.0482 -3240.9399 -43.1213 -4627.4502 89.4255 

2.149118416879265 0.4127921065865315 -2.979566597345806 -0.3992756935028287 -0.22417853982104158 0.2381845191930731 -0.20451637210091636 1.314662720850625 2.0282107390765822 2.6431313547787894 6.7489224698189005 7.1754712050625855 3.5603248433511188 3.528480053500579 -0.32775711110556494 2.635908050461429 1.6654707975456318 -2.6924689133593267 2.713137462803274 -1.8828553899822802 1.3223421380190976 
13.893194916605422 3.4534348747180177 6.110129865153226 2.3469832443574523 1.2670755633883173 3.9998057786032692 0.30411142905639443 -0.003526504400556002 0.5098250065217008 1.9588995900836836 3.851055393172222 8.279274384887463 0.48710093183478653 5.139978458330479 -0.9619924457378579 -0.17122415762881676 -3.972449177264983 0.17204985842449222 3.3653919715964844 1.0155900068366237 -0.4248956450636564 
0.9204483786299575 8.790604881678393 -5.270321951038017 1.303223004872442 0.13227545853023204 -1.0790288422256222 -3.11595950420679 2.975922136503124 1.6166810858619525 5.253629043823983 10.462288395795628 15.163288336778468 3.499017788425821 12.089713785873323 3.8189457190449883 3.127070704527705 8.04454627392508 -1.6855392493981283 3.5750069939053555 -2.4243135210895894 1.7488234616259215 
-10.977071991842662 -0.12265707536166569 -0.8896286061977282 2.2472049804259533 -3.4936294590066375 -4.4702917319473015 -1.8214047873962589 -3.906650265699986 -0.5441589226832388 -5.602913376158292 -7.671550800590331 -15.564145372270433 0.9879167501029241 -0.8774534120150999 8.070292500557345 -9.238704099504302 -2.599565843297022 -1.0486781095964206 0.38949631943110674 -2.694271107407413 1.6426155609550697 
12.933719858799765 6.080892996192883 3.134893208246842 1.8203765057803936 -0.618990018357893 -0.7951294996747433 0.60970627305802 1.4625661323366728 0.21400812068544223 2.0206559027420954 2.498900624929293 8.005547585102375 -0.468903772058692 2.490750667979891 -3.0631886962539014 0.2201492805698684 -2.7755673578797913 -2.286163834282018 3.199061045131519 -0.8974125989095452 0.8421193860668877 
-8.519914921788299 -6.480142449243029 4.681315114481561 -1.1699951544654623 3.243549739485693 0.5314476599318375 2.0597015586279555 1.409510612949345 -2.1937026795115173 -0.9403105946491236 -8.181385098658085 -7.280019684387002 -1.9618007396568695 -12.153275532422146 -6.069621419698449 4.075860883309472 1.5727320938884846 6.116843481235776 -6.406868181258916 3.6579266094597958 -4.989116517159363 
-14.789995279410656 -12.125627374906376 -6.845032323886597 -1.1746580689814077 -2.375878147528396 -4.667179351044059 -5.74666865255481 -4.3037334624690375 -3.5015505613343305 -5.618846356675732 -1.5851178850812968 -11.370363308366992 -3.303500334189871 -2.6912888431455686 -3.6571444867996443 3.6044057355351216 6.479238365781238 -1.674203433935274 -1.9186775673431233 -6.106260227773934 2.0681420124239156 
3.279869558857992 2.609475192639409 -0.16837516141849734 0.5801376545379154 -0.27791839545759056 1.4676880747942243 0.6878710853595994 0.4996217985156487 1.4638866569435853 0.8703639153950526 3.2086945717828774 6.05953296377064 2.528597331382942 5.921435165050553 -3.8555546044578377 2.705836861760967 1.1351635750658515 -2.5317479229415953 2.168522529078803 -1.1510615343199369 1.727865388651351 
13.736343948035522 2.2348334022834755 3.2124534733374683 0.9294314117425471 0.38643370326482757 1.2866443356936508 1.398318996522797 1.8865171319934866 -2.1348382575574516 3.6687441082494567 -1.100317371556243 8.15892490254953 -7.415550572123817 7.356341929899924 -0.5077709232455729 2.8926946394778517 -2.8581041461360828 2.8146763708229505 0.9328974233966649 4.036201446321461 -2.043801452271867 
10.544398571193407 8.201205332415823 3.1250399178638455 2.664675889561036 1.6099989340068916 5.46478423193102 0.6437058171633265 0.07274057332583643 -0.013433481084841223 1.4777332646011028 3.3022704492083492 9.079777898616593 -7.841399259943126 17.24470623385539 5.796669689307685 1.6589810762037542 -0.5619003162331611 -0.30302463649981826 4.3729292693791955 3.31684507039577 -0.12923096039041232 
7.64465485621339 10.668828051771898 -1.3194018786114794 -3.6149092654112405 -2.364148558615769 -3.9850615073649758 -3.579961892137879 1.5290171521883658 -0.05998244644162612 3.463177778953992 8.49759755484454 11.515365238972914 0.4036723142658765 10.04561589422954 8.146185694841147 4.947303735005049 4.565494749678144 -3.2901727548302726 4.9569431888690785 -1.1392943407687968 2.4360733328351136 
-9.218165057053929 -6.774296488933099 -5.68030906781053 2.6212798831723414 3.578747814493721 2.2955837934361507 -2.443580514282382 -0.7088078997991449 -3.2673703043529825 -2.752310892467225 -11.76938939819121 -9.829766285225338 -8.118589908572162 4.7712812491468055 5.5034850163971525 3.3153969723977545 0.8759900229995059 2.568838376119986 -3.2630545118721526 0.6345078630618589 -1.2338634283683716 
-4.079404901395979 -0.09497929742962725 1.3839390627087593 -1.3557464546497284 -0.8743896906532174 -0.046777325640230655 0.28759191129365413 -1.201371068241169 -1.6259619426941476 -2.37790262986453 -7.886267062088447 -7.791035769824758 -0.22624181217673678 1.1436515771399869 -4.62790197974284 -5.116258000990861 -3.3540958804215633 0.898727656267731 -2.619840136513435 1.027153467580609 -1.6017353569971071 
-12.615083960124371 -5.939425974824549 2.2127676938314838 -5.009245875836251 -4.456926903665795 1.7691966722105699 1.4436241788118707 0.8266445167739582 2.8624237114954783 -1.2685111923448653 -1.729756942191493 -7.7349710046217774 -3.788652410745194 -9.084874421451921 -2.006697690343059 0.9822217566842532 4.518102381370675 2.2218512215244224 -5.852143726604266 1.8182616434521257 -3.1514631496624754 
5.380141468948776 -0.6229439030760708 0.08695708492637273 1.5623572594351178 4.806099983055203 -3.3445283879743837 2.7851958096611193 0.7661221459808956 3.443280187506493 2.689161666070966 4.531632899360717 8.767362332947705 -5.257579689865241 -0.17020602585564543 -0.6963025817714745 4.6581407471095515 1.4899258805630993 -0.8910613556796725 2.1023637806009456 -1.0733792149144026 0.5986061239514395 
-10.685721290588841 0.08680364624481203 -2.2012406379552187 -3.901950725769164 -2.1783459284842177 9.154101923275404 -0.690984890798415 3.998601856827806 -2.0574259689534404 1.4680833863376446 -4.3241904384367045 -6.248026985972545 -0.5428917800855219 -3.59182957449562 -3.7534670289442955 1.1440354600628162 2.4445592360572013 4.4846946433723724 -5.582785251441025 4.170125462597037 -3.654514478736445 
-12.53946495940119 -2.6476922135473266 -7.847546024202078 -1.0759544887349162 1.156165148858896 4.709121708628404 0.2411364153822686 -1.7987840656809098 0.004460698036875241 -2.994295772247333 -4.289274726002435 -8.598345682809539 -3.055684612404394 5.079646819058758 6.747279491057683 2.4296804664772225 5.072836701775205 4.0729099688207855 -4.681448124577214 3.094650810859364 -2.7820641372507153 
4.348824026869555 3.139683523218317 -0.8572905330298969 0.4957672408148352 3.361300443188568 0.9072127155194321 2.8401355819063805 0.43070385328730376 5.213648965965315 2.3992502330635204 8.283284412412804 5.922089447237821 -0.7390019053452972 5.725127927115815 2.487949523811234 8.895820474876206 4.2074165273183715 -1.2277271090676118 2.2428366834890903 -1.2729154808589607 0.42815497768273253 
4.579058512418373 -4.217769636246476 -1.4187920175898228 3.398752453455181 2.4872938059678797 1.5024951513062033 0.13134278908537722 2.08150222839729 0.8077207540389026 3.340833546289169 7.8380531801921345 8.755722608188583 1.3449341541471982 3.581056373005028 1.7702892177491356 4.1222542581759924 -0.4209817967156507 -0.7828842859197678 1.4696532137982534 0.414710308724888 0.5465617916264015 
-5.922780180424923 -11.879216588069074 -2.877196444273129 -3.7679385757477917 -3.876908838458769 2.573673872656916 0.994909628851294 -2.295122331381959 2.2900647235496967 -3.4446190314315848 -2.875047756832765 -8.463727560546106 4.705455291341576 -5.240495495177549 -10.527357285187392 -2.6210314158711228 -2.095692380838699 0.40517064094477173 -2.1125136150214026 0.9351198459478617 0.5446992274258667 
5.383229496915798 3.4483589596726127 0.15595532525575323 2.7273884271671567 1.160397893526391 0.8795475455476408 0.6012208874892139 2.918387658128675 0.3293996354866637 4.829422540591184 5.048288946597388 10.805952050552605 -9.535678114948375 0.8712187554015917 2.905246937827108 6.103950086044484 1.2153699917679994 1.1678001070413941 2.4638274532933084 2.206925167852597 -0.05185394218814305 

-6.160385011177148 -9.049909831869618 -4.82926695893186 3.6783965164650914 -8.324904384192493 4.212070324991936 4.80629044340131 -5.51786865616395 -1.8041201745861788 -4.829196664289571 -3.5704782975212708 2.7893158247932335 5.5579800801807995 5.769000636445532 -1.7746106444758791 4.894808927188924 4.610772634771295 -8.05260868963786 -3.694090299616936 1.3393857769818622 -0.6171956129453774 
6.163597656265576 9.059147182894367 4.823843114501379 -3.665811281976081 8.35448158197307 -4.202743359306343 -4.826767612738554 5.450958280877224 1.8163599539987256 4.813085646936164 3.6245356542146125 -2.7456017053371564 -5.616227303603452 -5.765944232333477 1.7819920068451334 -4.880778724459466 -4.62318348524137 8.017880068475794 3.730018659734874 -1.3087126098857709 0.5957244410557448 


-5.408031665185387
2.0712384107715267
-15.604718262516862
3.79963546041797
2.265306905289002
4.709951109363916
-3.506791356383631
-1.0926400015369
2.5403162502572094
-0.8418187237478045
-7.546184070759071
8.59061957333097
8.043792934772608
-1.3797467197776354
-2.0959393771007244
-1.6708040946403606
-1.7428949767439206
-5.986070382985193
-6.7544984136260116
2.3296772284279044
-1.7649147222894084

10.517960339866635
-10.563219234723148
