19
1.097939905040593
-10 -10.6817 -0.4831 -1.7271 34.3304 176.8013 108.2611 168.2047 99.4857 154.4011 92.1692 -0.7581 -0.6931 0 0 -2438.75 -163.9388 -2793.9001 68.18 
6.9633 3.67 9.2669 3.4421 43.0389 226.5187 136.5944 266.6107 151.7702 406.1488 215.8448 0 0 0.361 0.3964 -1655.35 -12.39 -2504.8 87.9967 

4.823402594854484 -2.2739051760640185 -0.16630074239264808 0.6303004512017114 1.024574078023727 -0.9503164501625617 -1.3001312202619941 0.9561311659490958 0.5938887941928882 3.4468473825706596 2.6385254314500672 -2.282013479814911 2.1783023598361875 -0.49545903926746837 -1.8472650665789432 0.5239630850709884 -0.584374665950691 -0.45468148577827955 -0.34325744741744213 
-2.8347827420411154 2.0512133114162987 0.7479802516548042 3.2577326294617297 0.5346714421729004 0.33184262999163444 -0.01755048286301433 -1.1406895477187422 0.09659015963835348 -4.159887999850633 -2.8193252807017286 -0.005678502626655424 -2.414765654711169 0.5632733437966306 -0.6167600799492109 -0.41125549088154273 -0.5450850875044733 1.1734223189937212 -0.9193402438287259 
4.545715536933477 -0.7230399337046244 -0.7470344779499979 -1.2388800827844944 -0.9297231393539562 -0.4629817453303041 -0.8245250731854737 0.6281703630813931 -0.267746332099719 2.7477204475969277 1.9538468448837114 -0.2227594024725204 2.2982390269336683 -0.3393643990386654 -2.276381529417561 0.055361904994038084 -0.22406014406208108 -1.0547666488551348 0.11730141950693442 
2.450605277654691 -0.8188063902394768 0.9652226131191709 -1.6216688039524296 0.46169591653474595 -0.049628925818953576 0.5903031932206305 0.7485443254883167 1.1766656266775146 3.8204562523928742 3.638569113808113 1.0556882261296194 -0.1996625254065558 1.1483802239357113 0.18292728732337948 0.3429628032488888 -0.5798981047844102 0.07906642495982959 -0.32058264202878883 
1.1953677776838687 0.06404803484954434 -0.0581994394695504 -0.6271972557555641 0.05177621556102987 -0.2747676239151259 0.3324871986611765 0.5640376654177655 0.37128869772218076 0.9532627356776779 1.0520985051320033 0.2627814700484362 0.8086019371403973 -0.5422910170266105 0.19276900543246947 0.35142617896614037 0.37260002653181595 -0.5794244766900973 -0.005826659234360056 
2.964609003959008 2.7823804011288744 1.1561023065062657 -0.12175122312286613 -1.6163660570859082 -0.8726683022459962 -0.9337836933140479 0.9413016694102206 0.2860436259454736 3.617977667326392 2.994626004568089 1.0159036779890533 0.5717466306467441 2.067786425886581 -1.132651055176728 1.8332549391949013 -1.786642529974265 0.4280107402369827 -2.0417252665538244 
-1.964410353524435 0.22533965943393053 -0.9386259502926433 0.8465767850731444 0.5825857064067761 0.13828146253238566 -0.031088302855416104 -1.2494890999298198 -1.3184408787323711 -3.4829995068223676 -2.8631818662173805 -1.9489846606358912 -0.18879612406889829 -0.7138920032828838 0.6648357052777331 -0.40439954407482576 0.7334800905883216 0.7200794410497311 0.22857546060575257 
1.6119008156423562 -1.0938935488472599 0.42816347782504116 -0.9702091422460857 -0.9311992528149904 0.0887694714654344 0.17777474511590544 1.415860293171172 0.2995244600952372 3.453086133275981 2.997002593266276 1.7750782336545654 0.701159522377179 -0.05732713191272168 -0.17527948126412662 -0.6208422221431813 0.26012379758184767 -0.8469204009256017 0.5072025740655894 
1.2294206205410354 -0.2745975130783664 0.09881348775966906 -0.15652217167874743 -0.1045157536020347 -0.3096636881472232 0.4344976260395963 0.17035505843860188 0.6755346690205077 0.5766389663803174 0.938091760606152 1.0888257096872433 0.10878934138177684 0.05430039571866417 -1.256649060252363 0.09648767295489293 -0.30379172557271034 -0.8296623286381056 0.5549451888291893 
-2.7529789125905735 2.8503024644884936 -0.1796747292583436 0.3259580137993179 -0.4373601956356734 0.3290381695358181 0.0102810738677267 -1.2395854107211375 -0.8699825656672301 -3.6314615362738234 -3.7785230283459224 0.39384493503120904 -0.7738222687999304 -0.47904875417784515 -0.8126300686058776 -0.6261336215110888 0.05584751229358089 1.1752715533121127 0.31865376773719833 
-2.157006715986731 0.1224189149702611 1.541965529107228 0.22774823595954224 -0.18042052079660217 -1.2874932220491284 -0.38537213346706944 -2.5333584831423943 -1.559059103202292 -3.9779597736793026 -2.414885700714865 -2.5536585506835743 -1.4995955511020587 0.40863484153312185 1.3815737516904967 0.47197321369721085 -0.01633249020828037 1.8460460376078385 -0.7026254131183036 
3.511757962554799 1.2882700615680243 0.6512707783376325 -1.1521698346022549 0.11499495573469681 0.7021852537914758 1.232770215240299 2.3523655530421506 2.425173505280766 4.932283133972933 4.14995414675307 1.4035906171270818 -2.413560934140614 2.1347435710584066 0.12372434747544413 0.5697042518990855 -0.5812065102808893 -1.21882333335282 0.2728266811292173 
-4.428446609781295 0.2930264313054674 -0.84386581728686 0.11997701553015759 -0.07183032428594048 0.1045355898788629 -0.6168940908655574 -1.331918111336398 -0.7465985434812888 -3.0192209511757455 -2.987973225590105 0.4716353969608425 -0.668027608177157 0.14324711323345962 0.6927652119890322 -0.10426787107398207 -1.5839018061736791 2.1220822285216108 -1.3114099568597857 
-4.47289059850358 -0.06480311007474836 -0.9960150475555841 1.9682591996573118 0.21612739468553893 -0.9339041584554376 0.30140185304144274 -0.7433748706628895 -0.546128626859972 -2.642813122951486 -2.8339330025812677 1.4536611514981765 -1.4936375681071368 -0.04701783777270973 0.08842296884976418 -0.10351198778815747 -0.8744765378809565 0.7317790320859635 -0.48025729402758355 
-2.7396096616123984 -0.16179045229795502 -0.3896686176836612 0.34401674152501865 -0.1765993932647483 0.8290346847750049 0.6490273652363544 -0.6550828602994645 -0.5285327516690899 -1.848198092518457 -2.2880431285066347 0.43822278943869114 -1.263611272060743 0.11968260409333577 1.2811627263927796 -0.565993158883489 -0.24807183139553463 0.32235499407871887 0.21474938412655975 
-2.4594973257687296 2.050711233704804 0.3727601629589348 0.24045628476952874 -0.1861621480626789 0.1559393468512823 -0.46581861022267007 -0.5579547861291774 -0.41926094951385146 -3.0682983053493382 -2.807320902448394 -0.01653553163283606 -0.9365701819412054 0.012541901443970814 -0.1988878264846008 0.248301140504627 0.5173009050051138 0.7307253602259791 0.02049143799969994 
-2.081534466746712 0.03346642869964748 0.5338383635128867 -0.5072811682756803 -0.7931772446807582 -0.3717423419689841 -0.9720774734538128 -0.3099757920632933 -1.3418759722521727 -0.395525243720339 -0.9525583954319414 -0.6120707011570328 -0.5470814794120666 -0.04703788526941419 -0.10949701710944873 -0.1715616342223523 -0.0306453109961643 0.2968928323853738 -0.49113466160440755 
-2.2312566601753923 -0.7883607329625005 0.840461455181501 -0.6966146356826277 0.8231797592462935 0.17461680990023587 -0.9628766831995719 -1.200039046160968 -1.6029622235259438 -5.107392488005541 -3.539228932160031 -4.525410681748156 -3.8122467459661804 -1.1180760703176396 -0.1881738439181184 -1.1193558067228648 0.44211806745355064 1.0462054234692846 -0.11632391830674468 
3.3283575356260067 -3.914030958823317 0.5754402723017946 0.20157078741110387 0.2652424644729007 -0.4258245404127904 -0.4135206060414736 1.1209164522920656 1.0530482758266806 3.602339374520288 4.22927235800118 0.4041768758640945 0.3197203007373213 0.4654949707655452 -0.9015033884358066 0.8351847863691393 -0.6496136311857416 -0.26145802087345255 -0.48230350779627656 

-1.7916651791201743 2.3883823604629084 -4.3667137454863125 -1.7293753390514017 -0.18584854865727043 -1.4895467614460902 1.8127688840727434 -1.5913390426164264 -0.6681300247799085 1.8969367346614772 2.2708997258121437 -2.303770363398872 3.187530484512759 3.1913949730977786 1.4482033433508859 1.2683933809021375 0.7945573534887387 3.6332605705695262 -1.737818710777092 
2.117049716140012 -2.1181806604080773 3.895636770800392 1.8079819881341002 0.6116186915783899 1.598577911219454 -1.5902963036240074 1.4607985942112482 0.9726702278432202 -1.601894129804918 -2.340548722504491 2.372924741713456 -2.9149556333554685 -3.4514334442787074 -1.3233383885375782 -1.813691012826891 -0.6039298765029567 -3.6259417097857773 1.7205831878103248 


2.5469338782050808
-1.5192896479477358
1.4757310240382275
0.8810793144745327
0.08594075159388476
2.4171226900225378
-0.016889924831812866
0.7692647733038871
0.0736491489184452
-0.7575699505591411
0.20394318202178063
0.31595291487336347
-3.560045002925501
-3.7555618260420585
-1.9365022286832245
-1.354870265963784
-1.2786781114524506
-0.08101139749606327
1.2048615727608103

1.289777407583732
-1.095770613639193
