21
1.1967234281704822
-10 -2.1077 -2.0729 -1.8312 -2.2656 31.6352 178.7719 104.0538 171.7887 97.0834 160.718 89.7165 -0.869 -0.803 -0.7909 0 0 -4691.8101 -288.4863 -5165.8501 70.6027 
4.6679 3.992 2.7381 10.0106 3.857 46.145 226.6974 144.8635 244.3698 157.573 282.9068 178.6883 0 0 0 0.5744 1.139 -3194.3301 -34.2175 -4625.8501 89.9846 

-2.7859790255357675 0.3687168989900887 2.757653169187709 -0.6149275949233857 1.3214618028110565 -3.294846305433581 -0.3410485283797312 -0.08481272958740524 -0.445967273160356 -1.8351598842919257 -2.2513145636110132 -5.858598505184969 -4.190103328709857 -3.980368287913003 2.1254329211345637 -7.876367718361205 -4.143809961131733 5.4110940607620295 -2.234982174722301 5.364239216741252 -3.9239875821415326 
13.142525128473201 1.831785045480066 7.560291715499144 2.1175819489159653 4.763574881351244 7.128510155276641 2.3091876103509743 1.995359747783882 4.120078335742839 8.139702608169449 11.817170102329998 20.117571366047148 -3.214482261009333 0.24533580588159756 -3.1589024680013633 -2.2416108591172015 1.2269859626451711 2.3928243903688653 1.1518559561013852 4.4430905815773425 -1.0322707168767349 
-11.789828305759203 2.4428713775926103 -7.777789298298584 3.2858118901541515 1.8448736378374204 -0.481317528927399 -1.6649105745226245 1.5247318524528137 -4.29433979865466 -3.481431614283122 -14.176735489475481 -12.81382472643993 -3.1331776984406683 2.5933302716961193 0.535077503872214 4.143951450877533 7.078045155013155 2.2189845728253847 -6.6390144922999035 2.112675665815408 -4.480387761731879 
9.152545680078285 -0.08225950072755862 5.12587660344515 10.124912901207349 -7.628306661946405 4.8173964230141335 0.007438463846714857 -1.055027046654515 3.3918521482213184 3.8825264595979028 9.743617646149898 11.921556195461411 -8.695000215886926 7.551056002903004 -4.495535417420594 7.399382111730632 15.139852983787392 -2.188590655812102 -0.6640390471339369 -2.7197901539874727 0.7265493918953493 
-19.797042068749143 -7.467208137675681 0.34288444104496263 -1.8767555002613898 -1.4274573213690442 -8.202180850847398 0.8154902184118458 1.7202720971806633 -3.342793166801649 -3.28409513300958 -15.639016766378873 -13.115215766912318 -0.5313612672301071 3.7589444755265897 -5.663457984265244 -8.001187177494064 -2.6761227192570907 1.4495787954668906 -2.380851197809729 -1.217109344592579 -1.7749023917052609 
-3.464421579493831 -1.3844480351018413 -0.22401209687203671 -0.5455059103666885 0.4375754477749295 -4.431135034243118 -4.133434179190196 -3.6983748830543606 -6.9073379467358835 -5.945910606464374 -10.796267607005312 -10.285439004854041 -0.3376243845413887 0.7477424238485624 -0.6082846151556692 -6.3252768822102 -3.4241652109348584 1.8878504591558978 0.9730187568564143 1.9360880802399463 -0.34139084533121855 
18.29012908630563 -0.8251257252465775 6.355277386143658 -0.8053499841295113 3.621055083258703 -1.8981802774308092 -6.482070405254845 -10.038914346301206 0.23324670542589593 -4.891446899792725 14.141852156879205 5.482182756688509 -13.620850834486237 -3.295687409643692 -4.723986356716111 4.0876270510291715 3.0146165231648596 -8.4152745471857 6.70042105850318 -8.146919127982299 7.7412765441891365 
-20.5236584792922 -2.5186920242184434 -3.122857627285859 -1.8562313468014309 0.08757545330949834 -3.105133129473628 0.0926879085004614 0.7484297621536634 -2.010791732279376 -2.7301971209040103 -7.128789827713705 -9.204273689400136 -4.608728531494535 4.126679719833538 1.6542878811871975 0.8738324688673337 1.2413105947532426 2.998116996451943 -5.2710187699823265 2.7369143352329584 -3.353017583521411 
-7.873947795331621 -0.8714477153078396 0.2616562587175909 4.83561332741274 -8.32053925283174 -3.6808801495326353 -3.125007834899581 2.706463365806431 -6.6541381953946575 -4.206994485985704 -11.814376940454837 -15.312611021683008 7.825899954952237 1.0859555307391546 1.4391759864095766 -6.200320308418796 -9.764354459723767 5.689978524844722 -3.9456424083359063 5.231724443049519 -5.6346503935922065 
2.396204365320169 -4.1895717561047805 -16.08539013578392 3.660730183326429 -6.175785886805611 3.931385046800674 3.5081201780766746 2.1542999846109887 3.867237095507631 3.299799652783017 7.704416708027043 10.014006167818888 10.165361975249883 14.446075388185239 -5.968630213714366 10.343439758439331 2.329455651193345 -0.6081891004772586 0.7463070602588581 -1.091550356591398 1.363372752903811 
-16.59788996841359 -1.6561087769946727 -10.517184942962482 -8.201891215375039 -2.5693328431434477 -7.626266468742637 1.475072806476186 2.9066787687915467 1.7754664122687431 -3.661667273378587 -5.665010828825228 -15.381852164567183 9.499261211981905 -11.105249891779142 -5.211897915809385 -1.8865603921356962 -2.7506468834749134 -3.441476808960159 2.9015670447609008 -2.710400295166047 2.247895511612781 
-23.313715778431337 6.664256721875952 -4.948417028842399 1.0758301994977784 6.370732938358371 -4.765982347871648 0.10216012724121769 -3.8259467543693106 -0.344902472303119 -7.987711262149951 -9.210565094925121 -13.695450273073902 -13.887666426655052 0.4556502226680086 5.521513719430047 8.97363544956705 4.898196341385501 4.842354484255392 -8.326549726393674 3.710283446984646 -5.352723285499704 
-24.811472833602007 4.841514901124702 -1.6842834050667548 -3.6159598845443006 2.597901951695545 -5.76364286470092 -1.0495811726084237 -0.0937386587059245 -0.7008272458759782 -3.688691772874995 -5.504369317078046 -8.980553026950775 -2.922720171756509 2.0298396272131076 -5.7364028359628865 6.342518376716631 4.853170141134069 0.8183911485160538 -3.180266663829596 1.5243089810959252 -2.1352269050360584 
1.708027101898674 -5.000243952755116 5.725268330786042 0.400015693263645 -9.669102272232173 6.832848034667596 3.3227053954759707 1.6416180708016175 4.925904450476783 7.359396887478027 10.658777725230953 16.90135134078089 6.2583877298883674 2.56615245071319 -4.79113647550661 -1.9045734008363708 -5.562154412265337 -1.2977792346848867 0.7122751908986212 -2.0983235802656752 1.9917397184382084 
-2.2501590983848403 3.8793135871493476 1.4967024582965733 4.556214622280006 1.651489796466265 -3.563576923898764 0.6242219597953514 3.5480355183738244 -2.5131407534542687 -2.5821405491927374 -6.735499038909462 -12.608751473936517 -7.0643826600699064 1.4433020023996732 -0.661070404968157 -3.3080274900718494 -2.4692936466763222 9.693770491281775 -10.080454802402214 8.539059066053573 -9.453354971391075 
-17.72220025000236 4.524127096945312 -6.539476009516075 -3.8721731315963606 3.258785176452676 -0.9309251734079247 2.2506231917562407 -2.085538001059226 -2.0269657245021033 -6.346991786309948 -7.713148336582041 -12.076896682960651 -10.261741078402538 -2.165694411162487 3.36416301280216 12.201272314951606 4.2565775915528405 1.7088198361473517 -8.205905004064713 -0.18706614745402175 -4.474027093120304 
4.68369101077526 4.1531791820660455 3.2300436785664077 -3.791367697826552 1.5963480754106032 1.1111538996674581 -3.513754322292406 -1.7028988711681148 -3.718749289170709 -4.464092982881109 -5.018941602147584 -8.885325212373408 1.3311397835270007 -3.1484739630322873 -1.1855534344401153 -10.387001174414085 -6.217825120262589 5.383983913192184 -5.367807945058829 6.5609711078172355 -5.00381959781964 
9.251953023743972 2.5566674966445597 8.735857600237336 -1.3250831402014585 -0.2878573256147456 -1.1238267123637442 -5.492520028498346 -5.326918780161987 -2.771736269277076 -4.402293114401639 3.335134696080186 -1.6199136406616044 2.465226821980533 0.07924364898977915 5.264853576735654 -7.018454783265459 -0.9613546374942809 -4.931234032074541 4.236937802648746 -7.384975497491814 5.934073895459899 
-10.876434049536295 12.776351527183087 -1.086374958350031 -6.868524242271566 4.832275238348244 -9.94717750686648 -0.46663031430865676 0.8184482619781929 -3.595681059988756 -4.883929707864685 -13.715168605647728 -16.558391958507823 4.0230677240612955 -5.164086932742551 -10.244163101533738 -6.057624204084438 -2.3922338376431944 1.429422667820694 2.363629718995261 0.916833476811943 1.5627190042456203 
-4.903295662241184 0.5475617465917818 7.487083116339836 -0.9415581185186491 2.138977878615329 -3.4178666890136613 -2.947465691899681 -1.0893132908064431 -3.3271802101818406 -3.6604342949088933 -7.5615056794183335 -10.581562601816062 -3.435495212685858 -10.767937404877285 2.0967640735073 -12.555380235676967 -9.136874209454934 2.1681947106987236 -1.3512051611824654 0.9809161324342466 -1.4710437012111195 
-9.523543072123736 5.542438236578698 -3.0137897856745117 1.3043924666881839 4.69034838626664 1.575796638001836 0.6649513057118804 1.710170523062782 -4.752035263092007 -5.466490225907029 -16.205110146098985 -18.79147687561746 -9.339806695658872 5.548900022427527 4.749816972290146 1.8142991736837129 3.5911565665291767 6.014565210139898 -7.713041154933945 2.79082885227746 -8.3070541677809 

16.11235119326012 -1.4583262501067784 1.7657346526537947 0.6238621497768712 1.6450065356450638 1.9504003979184599 -0.8377352054084355 13.870310401788927 1.7901199024669425 -4.9453845643728345 3.134510320748542 20.142326208943395 17.296528759065524 -3.025409648333474 1.605258679077139 12.930108541086435 13.72309950255833 -0.6426640456450174 2.6178989316812205 12.037728113470093 1.2507722569239195 
-16.125351698793274 1.7084630104050529 -1.850503429245952 -0.6429729521034874 -1.0997158021417541 -1.9540431283860078 0.8031506203046678 -13.722044492055353 -1.7800823830632901 5.040744308350765 -3.135437899402624 -20.411100153024012 -17.297077308932906 2.858449864910755 -2.4174775365086654 -12.922452586817576 -13.862923901372476 0.18572883342364171 -2.8102736413405784 -12.024714664583438 -1.3849589818958452 


8.107367384372221
1.0384594020614453
-6.4622127485039815
-2.684671305234912
-4.181992791719121
9.742949263915861
-3.9107598716400664
-5.919087281296627
6.889169142834764
-5.46716242342841
-3.799629091342049
-15.048138825974602
-13.653767251355449
-3.512273229267714
3.09600527126608
-17.02815678485971
7.394994319277664
1.2057488644227188
6.943906813060311
8.883821087479916
0.47709702608456

17.78282523134488
-17.854230206326086
