17
1.0334737082161252
-23.9533 -10.6152 -2.4219 -6.387 -3.0731 28.0419 149.9507 88.4257 137.9481 79.7273 126.0571 70.4244 -0.3505 -4.0212 -1.5609 0 0 
6.0564 4.0466 3.2933 10.9857 3.8277 54.6151 270.9108 176.0372 300.0984 197.0453 406.2148 225.007 0 0 0 1.3151 2.2796 

18.61355559568403 6.418245933009086 10.561859903241704 -3.8871468856876996 5.295822536741434 11.811323919562017 3.939476855611318 0.0035587367901848514 14.748395566374189 10.911945558006034 17.2863825563109 23.119386626203344 -2.065157102706024 24.761047446384076 7.9804931293072565 -0.10966278510230487 -9.84527294670803 
10.726634056578797 -6.190879807502701 8.021819385994014 -7.111215975610776 3.893787538742506 2.304183364958548 4.877447265942417 -1.2700002722550796 13.870566938416493 8.4033681878928 17.990654262350116 18.976406517690844 1.450776243772651 20.860054124761447 4.15681530672034 4.893055471213752 -1.9368096746428745 
-30.13417617855776 -6.003983180381346 -2.8644904988515867 6.702502415533724 2.084465496016593 -1.2864028429458956 3.5014248566152784 4.465209988388703 0.16015855054468678 0.7770238267907182 0.7740325997010437 -2.5361067265579016 3.158439477263774 0.6111985378428224 -1.1579829178813772 6.017057586372311 8.702676141167094 
-60.65951814701622 -1.0400408099200633 -4.259067947810119 10.26062685513161 -2.801824212953957 -2.6131045895867264 0.4243904892198448 3.1856700349055838 -5.484421052282347 -2.1654323729475657 -3.8766592896533685 -7.621882250990219 2.5126237387288315 -0.6601056017682841 0.37016970609748534 8.776806265404947 11.955720828026095 
66.43054036387457 -1.057648617068876 -3.393285562034205 -3.3717521349407633 -2.4865717878168523 -3.6278282751473694 4.905108200148157 -4.859710828567117 7.385755331785763 0.2714607883994145 7.755978928845412 5.76350102731279 1.2359367490696558 11.045285604252998 5.781182984419988 2.9764383774583356 0.8727270299365268 
76.5857689773465 9.578428714829506 4.1549791235287366 -10.382918159909336 -2.4649374323912663 0.7342385713157649 -2.4137302494617843 -5.43499015734554 1.4449970455758123 1.8070051845611192 4.384170870306444 8.178604400648593 11.883091860210907 9.762711231938077 7.199773368249208 1.5757117812136883 -6.566986190575622 
64.18455848188525 1.0113891529271073 -1.0597400193508633 -6.479331612954151 6.0766113888529585 5.850532063564595 -1.3693187099248825 1.1432348310069316 7.469269632192381 8.43507059621779 10.00238399374846 14.862308740873429 5.040171906834477 11.91242430715794 -0.8320786875286109 -3.8770551231162966 -5.927753749941791 
-2.314085070180372 -9.822748817709854 -4.257139265147399 -14.306798813300798 3.4862125730136335 1.8169053343210242 -1.6114560480503772 -2.3091096390577097 3.9641868179141646 2.652469870474399 10.383267326786846 8.180318787962436 -0.9017016436977897 -2.6150512443131 3.0033871310452724 3.1615474091528273 0.05527561327531644 
68.78912267853796 -0.8775111935153733 2.958932932783613 -11.21313508873486 8.718732494905733 4.065902128230017 4.914398973900877 -2.9989464550584173 13.700956902797383 6.004705514644393 12.453507818170717 13.340533002948588 5.515594623002054 17.841774054051328 0.7369462567354303 7.278263846368882 1.1052207922173496 
13.24941551731898 15.924998583618585 6.761541489395886 16.769043240383148 4.480645348684005 1.013284395322017 5.239502208430952 3.0818648355331772 0.23141556732863733 -0.9297430604028732 -8.538398512513634 -5.285552985895132 4.619784530912764 3.529760443353215 7.316298581896703 -4.060842035122345 -3.206994202505778 
-43.75340191357151 2.8690483783230922 -3.799048186181114 8.99876858691463 1.9310324878304628 -0.12198115047986242 0.24001777074612646 5.344217019393298 -5.299856059087815 -0.2244744693463329 -6.960641633384257 -4.512182747533937 -4.49207138434166 -9.99925580552182 -8.040109675629978 1.2789811488778893 5.432767257833823 
36.89770353308968 7.931840155271217 1.4705881288204847 -11.075426160175235 4.6283984939816305 4.406593747721948 0.18565389712857575 -5.995283733084196 7.313447939884953 3.5858369953364964 7.416765515833984 12.998241734631046 -5.3567872068139675 12.273312428455526 5.505231182536117 -11.99106795050919 -10.580528428808591 
1.8112867889924176 -8.299801861638974 0.7585202798595106 -12.417658229829069 -3.4255602638898104 -2.054232023831205 0.27531079533041053 0.33094152570335866 8.55441323658234 8.602441247007476 15.87825725678499 16.62910500804749 16.914000377802356 5.792459305052178 10.529950880064478 12.82269623867545 3.311098373162525 
-9.823778312374207 4.042542252007668 4.598831774371911 10.072106759601564 2.1258762026565274 -4.430571582842627 -0.6906293186347395 0.09042401577040203 -8.309662640183516 -7.4414334531721495 -15.51251955735365 -14.864795432337326 7.08078152142266 -20.9461067370106 -6.015300193241099 -3.910459788202262 3.24723731945129 
-60.364537334190516 -1.9813249959651733 -3.864571970313359 12.460135139584898 -6.11564642403029 -5.1794194728833975 4.393294767622728 11.44719244681524 -3.679598222979754 1.257406225563145 -5.6555396114732535 -6.962620678268448 8.890700710174182 -5.9827279722641995 2.107528050915575 2.8274660965869134 11.405744195467918 
-3.2498389792755438 -9.07560453283035 -3.590163334372015 -10.481222598562303 -5.71369161407481 0.03386924060779018 1.7593031442080636 2.5778519043059136 6.816141434154526 8.915123283003322 13.383163118338146 15.530676882451415 -3.125468285597899 4.952051492166581 3.1786681775163976 7.837771147151819 6.867656797079815 
-5.454783806157599 -11.717906726296924 -1.5613186790774713 -13.126325890079121 0.17023658890801482 -1.649075161065051 -1.0418085828031005 -1.0935453245757416 5.3495368685185465 5.553548271934207 13.526133851864008 11.588623494025125 -5.4661555822988825 -3.4315143101546823 -5.587161295085925 6.61751553061981 5.813383532712552 

-3.0135245128978387 -3.506698211917051 0.5770407825165221 22.053285864979877 -30.763117575436663 -49.28539857133457 -33.18976752314718 -37.511481933380686 -31.7029648811763 35.943301354807495 18.36558624731203 -10.145076678558798 -18.60036959628502 18.91396837995794 25.42759054750095 -32.693053015394725 -33.09924581602411 
3.014879020791946 3.5052340833088187 -0.5454003228220748 -22.063984564570234 30.74952354273627 49.33745426788951 33.16537254915215 37.239308567966525 31.670065526176852 -36.276502315587386 -18.335680400170066 10.14594987038868 18.56859485506135 -18.889870202796335 -25.521961859395343 32.55692332733177 33.47905540523219 


-6.484563870384191
-11.277549492894165
-6.880524421842804
-7.755046473104411
2.9278041110641775
1.4577412033468422
-2.585243135693989
-19.24934287270149
-0.4732416276095995
25.007775459005284
0.1705404208397922
7.137124114002441
-19.470491387368842
15.714744767736962
-9.373508268465999
-17.31354009952806
-21.890244538377658

40.53265601168396
-40.304101301109235
