21
0.0
-23.6562 -2.6988 -2.8489 -2.0866 -2.6025 28.6163 163.6701 93.6863 152.1916 86.4558 141.3144 80.2486 -0.5245 -2.388 -2.0443 0 0 -4676.21 -269.035 -5124.6499 71.7209 
5.0766 4.0032 3.6744 9.9102 3.7918 59.7406 260.668 171.1873 292.3761 206.9649 355.7393 271.8213 0 0 0 1.2467 2.5429 -3197.5 -39.71 -4614.1001 89.6118 

-4.220366039565753 -3.0688353165205986 -0.11732605530045188 0.8131844541379359 -0.5557912307651616 -3.8377963722515136 0.25106805776776153 -1.2445830782460694 -0.6526917133809264 -1.1720077499935373 -7.317486671078814 -3.835836842768501 -5.043576435141234 -5.910894548082283 7.439433634012669 -3.608749914576775 -2.0246353129649646 -1.5775294640052788 -1.3928798183828797 -1.9671819223757 0.4439477514075829 
4.8113445957268075 2.8750638909461794 0.3305913593235391 -0.2879713608082061 5.121210774687055 4.907974871035902 -0.5105665415331121 3.486878883576527 0.42051567261024764 3.912950481548031 7.924777368643941 7.305228425358227 2.0413824764025543 1.5770354503390305 3.0894328086380125 2.3104034999211467 2.0784939791079053 0.9600319405661255 0.08179020062421563 -4.8275837335180684E-4 -0.013213117135289347 
3.1664718608796174 -2.6419973147608427 6.320338109200679 0.3524289118244469 -1.7027825640104401 0.19218847399577524 -1.113946813931056 -0.22357034435307008 0.0351473755052387 0.6736379679747949 5.26086801495891 2.8885461319478445 -0.5670431723401526 4.172524110958382 6.513328541663967 -1.324744507272827 0.016332820456751447 -1.958521616385431 2.989751853001227 -2.5725574250547645 2.303362381795079 
3.87459675196235 -1.1292821939444673 2.070241910870366 0.5964887944400646 1.2187817195564563 0.6784387374746272 -1.253695991141708 -0.08170009585956167 -0.24836944618311643 0.9314013543250919 5.347528602347039 3.65981461300811 -3.1116918037021093 0.9023764795567071 -1.508418145811633 -1.9567180631707604 -1.7949238957343583 -1.2889828626733644 2.456128586290789 -2.1162892345605426 1.677506871888471 
0.14202612746651586 0.5581851810039681 -1.924279669787788 0.4881235205361257 -0.29961708571216233 -0.0844015092122804 -0.11436278838391649 -0.8037494808558099 -0.6625683332951321 -0.9181638275088534 -3.575930955308083 -1.6151462913176193 -0.7936509810052196 -1.8957505286748297 -0.7254767846823174 -1.2381479131160358 -1.2160736718619265 0.9427691232748965 -0.6240190310263996 0.4625513654576515 -0.9486224115604419 
2.661149179684625 1.141190309418357 -1.1687266681094712 -1.6916501300162752 1.1248523117282743 1.7262000581899841 -0.9589620595438291 -0.324148416409241 -0.2002585273515261 0.8650401423187393 2.7053317101370555 1.5546667870227142 1.9331830405048056 -2.879398013632343 -0.8759485840772687 2.8317546816113395 -0.36525237344083555 -1.4899111425688758 2.126223597275146 -2.4113570437049017 2.190344619059571 
-15.268523247473137 -1.8134670609249683 -1.1206942887847795 -0.5108329443739535 -1.7370767815780985 -1.8018098536561287 0.509485097936846 0.6771758012469252 -0.21114624886718583 0.80594328500708 -3.942371422522876 -0.5339368530846319 -1.0336217042052043 -2.891338455156664 -3.4210841973219797 1.7013550647281173 5.785314142389046 -0.1414949028418088 -1.1952686843349272 1.298086024919952 0.13630979172505564 
-2.727310296463624 -3.6405355398019097 -2.696947118177211 2.137874400054826 -1.3203398662522163 -1.0643502852245261 0.00762119225745339 0.13422940344119386 -0.5111111552083301 -0.5661388105000219 -3.3021664964215525 -0.8163683539854928 -2.8170491737603105 2.863422460230165 1.6138520818830764 1.3313658059440558 1.7387042357578408 1.350363694918201 -1.7952140645560244 1.4534416317013605 -1.5945892798277306 
-5.725094340297374 -2.6241072017886284 -2.813580738669766 1.0632298462062109 0.07659644397164896 -2.9032444621502993 2.1754037607027423 0.7323962765280103 0.3380614386025251 -1.234855680653766 -6.646137130162106 -4.657307040926503 -1.8416395124991596 7.312040607308246 2.4006462490036182 -2.240625238320092 1.2577421060960647 1.7650781763984793 -4.237139636641281 2.5132001015695002 -2.468353092829409 
-12.529436517838201 -2.905199969434204 -0.39635793789897106 -0.6216813675191938 0.9164607996471922 -3.9615477508991583 -0.6214885629755722 -1.0453275526974475 -0.5017183566098291 -1.2886910002890248 -5.968692558986561 -3.3318817152065305 -6.167759188939535 -8.241572853969444 -5.698880632652265 -2.0286454720742277 2.186562362573692 -0.13925239106219783 -1.0908360631248861 1.6230645292564607 -0.3207817494573554 
4.092160674026556 0.11503485080263987 3.242418406979853 -1.398788217170897 1.3134872474586121 1.2316457670256995 -2.5077638242243827 -1.292695183585261 -0.6238488916916087 -0.1785070326095487 6.69729605234031 2.748083000662257 -1.557359296732073 -0.0701564168124918 3.798862958340424 0.2981909965778623 0.348413016533327 -1.5276959779394252 3.066575304199137 -2.057777062539987 2.946321740740042 
1.992578508174785 -0.1763329833194832 2.012880507962046 -2.5972126188871254 -0.41784645949465 3.805409732242605 0.45129041288296373 1.0782508553650534 0.1420960576660334 1.7537534045172665 7.445485897161606 4.607220424311397 -7.109945507541218 12.14070352751067 3.052974911011249 -2.0922745718477183 2.4991287852931836 -1.0095006741093433 2.2181299043281015 -0.5700936836430468 1.3242269647931544 
-0.8331104539451363 -1.0198826362953155 -0.4674715079014792 2.1960413639511493 2.0574093981918167 -1.4707250784257833 1.0286993763552228 -0.6521955783326195 -0.7777911518184693 -1.804252765089272 -6.922729482772337 -3.843144654920921 -1.9413264264880452 -2.024313278908694 -1.0361104095137197 -0.7618235898881291 -0.6536958933751358 2.59727410081699 -3.6518949957819613 2.520919198449778 -3.632052942404092 
-0.018776174806300592 1.0305170420863725 -5.57086866968023 -1.0310394472370759 1.8269876810451524 -0.03837440005772902 -1.100680870281691 -0.7720285637940841 -1.2167847802270768 -1.8604302593709292 -6.539613164005395 -3.9984391428683472 1.0166800818362673 -5.666517409570448 -4.691065532978853 -1.6035971784784473 -2.744327755657572 0.20210639536641217 -1.6094310677963002 -0.6316734614628989 -0.7631254609859696 
3.0441139697454047 2.6493662311164967 2.390388515134536 -2.521222995399381 2.163409021177425 2.9977771828622175 2.7278853506824774 2.4809811379280124 3.559730471348506 3.7137580966804795 9.855068091868498 4.591246393871209 2.2909140460344752 -0.3757439521402721 -0.12911870474448828 0.34196535767998726 1.3985098958249176 1.5998116672212908 1.1670728551390113 1.7952754023738196 -0.7638624523006734 
-0.40119632615103096 -1.112496114190694 -1.9801050342063682 1.4616218844967308 0.1306942815206541 -3.724158215558144 0.7932374606262849 -1.655536829018368 -0.12026749923642782 -3.2637307719306086 -7.626584281690252 -5.645261652265184 -0.6759204532013982 -3.8041130357576174 0.5075111139777422 -2.186657761901134 -1.4100793244641117 1.9775818757755086 -3.1255824945836137 1.9581288180906733 -3.3559722581810876 
3.8258786374838603 1.6151901929367476 0.46009369736046174 0.2593662736897715 0.9422556670979635 1.7712726043303588 1.3081804026567516 0.13207586296690788 0.6677899963874074 0.9319583177554389 6.017095328115866 3.0698793649265617 6.441651217383621 6.707238688609607 1.1200076064347184 2.603557917638348 2.1508873738727554 0.3356305255476103 1.4477998163911308 -0.19819971682081533 0.9349230070623334 
-0.9661076389720139 -1.0752565058081547 -1.8348593608939818 1.4816542733806972 -0.5811903277623703 -1.4623882049802572 -0.006546858380262732 -0.5540866690914074 -1.3415508826694316 -2.421074997581225 -7.394086110078918 -4.124918015275856 -0.30434589370819937 -3.916830010584233 -1.4206236746732044 -1.4866703977184987 -1.1081603686645767 1.3179048026070974 -2.5579660635184864 0.4415979166150161 -1.5319973930252933 
-7.286530761333166 -2.9881774787374025 -0.7336234715903046 3.098768464612969 -1.995324226709565 -3.9924405052507437 0.8014290001704071 -1.308722021629411 0.8426992670790544 -1.7183590124781034 -7.353871680596386 -4.493637926400201 -3.8867661316420166 -0.4911491959984785 -4.08133469027883 0.860056135594616 5.118717515911908 2.0277396704088115 -2.954725952596317 2.100202898261854 -2.2515633777118396 
3.0437627918317025 0.1766837054662946 0.5227887790107542 -1.314453389671189 -0.8725089409868371 1.3158881329430796 -1.7714472271662998 -0.6557620021777271 -1.6159684367572906 1.2662420234839447 4.170897875148039 2.934916222906952 0.022246501613081882 0.4232369979079368 -1.9309867169515282 0.3568241622953645 -0.3166420434065447 -2.8421380328251002 3.2417842362694285 -3.1748937596073805 2.7005334032427943 
2.62362951591771 -0.35666417354367325 4.791363225473193 -0.9837606614638346 -3.8452697297212035 -0.08828033170380062 -0.9905208117248284 -0.11415501784510396 0.40981310708922036 1.843744895008812 6.93891710643611 3.668583355705969 -5.8989892336983045 5.680619630378469 7.6486952279096885 0.3236734903831717 1.8528906076134168 -0.26779486784344647 0.4696787761835 -1.7678261314802235 0.982042853464487 

3.4504272742713193 -1.4525321558258903 -2.245127590552084 -1.6555266673571665 2.0227250891162933 -1.0418557025221296 7.895776837187135 0.13853573018584253 1.7310824098737814 7.924366434818402 -1.76322120094481 -3.3701496714300125 3.5100952512289507 4.617541397660669 -2.507592558273227 3.8469356868473867 0.20298414349258787 4.705318854794246 3.7889473330281422 -1.484321377297837 -4.148770318289009 
-3.3786081091920184 1.3987849690648742 2.358033084139462 1.5160130296908918 -2.05382901140925 1.0705247445941652 -8.009003297507464 -0.13083398244320385 -1.761161671014757 -7.778334604610124 1.7005989870299387 3.277792174465277 -3.5088201858608987 -4.664911578971571 2.694987876865982 -3.956047616361432 -0.23773987413514358 -4.725596822494298 -3.790123906647326 1.4502089487184813 4.091633243727663 


-0.05744777222704448
-1.472897344559779
0.3353935017353173
1.3747693782021482
1.5683761532880818
0.5900693321608218
-10.082175188896981
-1.1685110967574848
0.2953500639187654
-5.108330903192632
0.6637996853928543
-1.4603847865556583
0.8718773932485334
3.1257715142202134
0.5433884354789482
3.28187734959304
-0.4644744164470325
1.4821522298098204
-2.4692991285492605
-0.7181106607774733
0.0028207776703293016

2.2185284259551987
-2.193878467499224
