21
1.3345362353191592
-5 -9.0466 -10.0234 -1.8224 -1.9398 31.1316 167.5183 96.9148 160.8906 89.3967 146.4676 82.1628 -0.2667 -1.8355 -0.8245 0 0 -4691.8101 -275.6025 -5165.8501 70.9755 
7.4333 3.8329 2.6177 9.6234 3.8591 52.4391 258.6422 167.2569 289.4222 187.464 351.9976 220.9608 0 0 0 1.0138 1.7265 -3222.8601 -39.3913 -4616.4502 89.7982 

8.301866550312111 -5.447932637396353 -3.7432256267061224 0.40865203078262136 2.2706293706614042 1.581657518093948 0.7808951106602474 1.5312789183636801 4.198624951013033 5.397364390419053 10.6941763557155 12.338351482722333 -2.267280584624987 -2.2331314706453353 4.848796036772136 3.6168654033355163 4.249552847876868 -1.781907527001885 2.034672224674603 -2.803314872082375 0.6780709220457165 
-15.112237644306292 3.086690099242129 -2.6317574584553967 -1.576351267793779 -2.2973709886415117 2.4868099387980185 4.14711208780258 8.544241902616783 -1.219705801391609 3.1360060081954138 -9.65712455490112 -6.254645377281656 -1.4325881342641442 -1.7338680565592426 -6.4022363457576805 -2.9614210998296966 0.579207680152494 6.635297602287893 -8.343766857923795 5.610616043578159 -5.89425573140507 
-19.073285687044738 -3.9815179006033596 -9.336021513970827 0.7034511063977272 7.315523275562132 -2.3166239801143043 -0.5590518148224626 3.0708703445877368 -5.7655362900370895 0.011949094729316611 -11.076124179553457 -7.746887892815688 -4.97346896369304 -5.9553632777409415 -3.7309065390866816 8.558089988304129 8.129946917796294 2.378382467733289 -4.331667075889283 3.021291932119309 -1.1617121400964918 
10.50465775699084 -2.111606825743529 -1.3640291130610216 2.4996973304709695 0.24207075971236877 -0.5030778201317336 1.091240617012989 -0.2954226334337902 3.6244548799436167 1.8512983633553972 7.41043885351865 7.14810254876656 -0.221228213943986 0.3259868902340004 6.2965973715182875 3.421901440549657 4.5727929027922665 -1.82114475384068 3.399570465143946 -3.9859819272371517 1.548862314037113 
-19.687100228254504 -0.9908662746555709 -7.222705900003163 2.0197786994670994 -3.2392189858997495 -0.6596958772821784 -2.127555156694604 0.13073533721803296 -7.405420689802611 -3.8527472563314484 -14.25351491517069 -12.090653334577471 7.517539705198329 -8.326836607323257 -5.154639890604424 -1.0763783556888757 1.7596859972613217 0.6235344041235186 -0.7337342929145674 -1.3838282245007871 0.6153012685518202 
-8.200558192020138 -5.722479021583884 9.499274357917287 -4.171864329739411 -1.202606143799586 -1.5764530953587865 0.6049663835685098 -0.020620371351825793 -1.3924079356936554 -2.5656704316732513 -3.534270033097402 -7.114962559057578 14.150763182569229 3.832273703540718 -0.6542110521423108 -4.94083206626335 -5.8253825265934065 -1.9940697177281719 2.917467925020225 -0.7435014794105933 3.035653778517078 
-11.449298977893402 1.868822523751699 1.734869979742103 2.4372712554269245 1.2864266233290553 0.447009763339333 -0.14415681378626383 0.48582726195854203 -4.500573484904281 -3.4213436752706143 -10.63063509248391 -8.773151018134977 6.760115881669831 2.150118931112219 7.93131162433168 0.1521453507176965 -4.317536497775622 4.157416671501902 -3.873173712196222 3.747780267333588 -3.4533412041469944 
-8.73133626589445 2.5888830568114884 -2.4320942363107174 1.445469230608399 1.8762720375952027 1.7643768773974566 -0.3188718782458287 2.9466757308253073 -3.4954100791428298 0.45912271076174127 -8.362202600558366 -5.771496543899438 9.95314907879622 -0.8190099990937233 -5.683201967486271 2.595655745648678 -2.442748090680944 3.2965680343224704 -2.9777768733522687 2.8049440745783065 -2.5431548924767107 
8.978072277989886 -4.911851943378869 -3.515864550057602 0.09307833022056833 2.6747471868928185 0.8114428749408206 -0.06580567938728837 0.10135612054119635 2.127405416319624 2.217394603312505 5.837188195382325 7.715274991027467 1.6806267053476984 2.5690176145420605 8.117203611762887 2.6238747853392614 4.586162199873827 -1.1599669739847318 2.7127330790953588 -1.8204633707908755 1.3971642097397448 
9.784891796339865 -1.0139791937512512 -1.569653494182417 2.8800470895292682 0.37740091470753007 1.652323450569461 0.6587741019258785 -1.5841681379974277 4.382462820226483 1.2856658058931896 8.68436359941619 8.41349256447177 0.7078360846351242 1.7613785658406556 -3.768385640329878 2.9241150567644696 -1.1679465975562626 -0.5845440201865694 2.375432115639947 -1.4802781311001152 0.3870999689381302 
12.456160522161376 2.3581500401205506 7.483396826447554 -1.9907214316303214 -0.8297514346799394 -0.44177372654566954 1.6578319935641406 -0.2766170564754253 5.450006725269343 3.5844937538627852 13.701037551603083 12.009312923207474 -2.484430540141086 6.559998314294146 0.6050491269616279 -4.634390692123908 -3.553957232708652 -2.665968047117619 4.701287029029481 -1.5185124982064373 2.295120089482339 
-28.732224344277366 -2.3524372430665808 -4.1124590949230155 -2.6214720144072476 5.788220987757631 3.259285249795593 -1.2961558098057797 2.2995403209019303 -3.0318611733863916 -0.25376973703141625 -7.253787597504405 -5.712042491757058 -3.526580045642117 -2.8265768910880027 -9.06744566769367 5.064313171374487 0.519826214849482 -0.12021990612451677 -1.9372561941747797 2.4550028655449094 0.852023960899591 
-19.51821227143837 -4.1335233330307375 -9.636209389365732 -4.547262036657392 4.588526327944744 -3.2527721446176647 1.0812765695148558 0.7922028412807941 -1.8346526607313318 -3.755094949005164 -9.554250841161657 -9.672359240097611 -0.0134147812089306 -2.077087024556842 -5.630615748506239 5.87733738978808 0.46957287710677026 -1.260911060792006 -1.2582284257552672 -2.561060319649804 1.7262853010736536 
-7.634080891497067 3.6356187295930673 -0.24105332842079658 5.388975772380414 0.6585545800009545 -1.0661614517549696 1.981249413027982 0.5117504476071079 -2.9391131022140837 -3.129745467450518 -9.936740721111406 -8.822858545491002 5.157990187212818 5.542263005429198 -0.9242245472502456 -4.0241228161258125 1.236558323391078 6.967665443769024 -5.840796909987016 5.2904187570350345 -5.9612004362360915 
-19.3875399228339 4.080547203051669 -3.1511602508814804 -1.6278129792803866 -5.0672179175908285 -0.205139011094478 1.9867516988833558 3.8153867836390085 -1.6967414738047446 0.008518806670247452 -9.677121930056018 -7.723929135420655 -3.9208663520264313 -9.06415243048169 -0.19671424222919306 -2.372285150166452 0.3464125307615663 4.147838825226238 -7.155270671736847 2.8937162829827785 -4.549447987314843 
-10.008260729226514 4.614865472123255 -1.847159162625832 -4.340553271355218 5.069541719871725 1.6499908136694104 5.392513459364854 7.005235840788731 2.474405934369837 1.5872249569486472 -3.9007564285076697 -8.6549280466557 -11.38094097586687 4.439796231736709 -2.8038321151462835 4.710665138586031 0.7967339092555197 7.630677931323798 -9.980654410799987 6.50695693459147 -7.578928654666679 
-10.041438890557092 5.171464792481891 0.8609966107968734 1.4773973703512668 -4.173248866292447 -0.08445053548498144 0.29735182639642743 0.8976555651542599 -4.565152041048335 -3.7091098270603102 -13.599630319516951 -11.5961867000683 -0.7629807274257621 0.6859225563823279 1.9613572369316041 -4.963129954882945 -8.12143184872284 4.064836977693118 -4.748205058728542 4.981511785012401 -3.236408289482902 
-15.18951274673804 3.425514221703309 2.2634517884188874 -2.4129857801290333 -4.359453458760765 -4.866379209006762 -1.5452328242470807 -0.12285844180901886 -5.25400878183443 -5.793364980093613 -16.023089143915655 -16.72617162828371 -6.8244985506751386 -13.75301529156296 0.8749098801383783 0.2780452026226221 -3.7619726954542614 0.11549308731521916 -0.4315254286139245 0.7247308853744042 1.0974536247002982 
-12.206686944318287 4.500066280882984 6.073049914529063 -4.010478357651042 -0.3858230276284825 -0.9695630556860072 -0.41900659546142094 0.025741326693870106 -3.061802339355649 -1.920635582640001 -6.790070987736616 -6.7240863696021345 1.5253722220435046 2.6376767799934315 -4.862379298113938 -3.057438143217484 -3.3588461169518125 4.919294037608962 -2.680278069170891 6.778065020610505 -3.343908815558487 
-6.390086520104965 3.839673298489651 -0.6256322918492329 -2.1579908218102766 -2.6442604639743266 0.9568110076618537 2.564740226513113 2.247006803937013 -1.6918714694048647 -1.5387880014016646 -9.663162275660511 -8.591433542308186 -11.169007983636606 2.0385625022633698 2.525392850997079 -1.2884843157453778 4.4153618031247674 4.994903721883509 -5.43084520053135 5.502630108687143 -4.3407804112811865 
11.36065310069615 0.3638518821423669 5.014249335230712 4.208516465881618 0.42954285214386845 -2.2930235659761675 -2.629597733440612 -4.761027390450194 -0.26989731374765524 -1.262689440135491 4.653086194618777 5.04381814146489 3.296345019435431 5.9678608555346955 -3.0011868721182915 -3.600252557970785 -1.7495443444576344 -2.7949802529929375 4.885663585216772 -3.500149733777772 3.6817803132489026 

-5.847362742996174 3.1916653363316625 10.912661385688367 -7.139642412133768 3.3400344385854233 4.172559524418547 0.6271610685967857 1.7655726229882056 -5.892302165850062 -1.3774266904787016 -3.734482917009913 15.718746088592894 6.706313752401368 3.813293621961531 2.7003866336927658 2.3885114969976042 2.330758532974012 1.9795807356211828 8.139212742807489 1.4270453254174105 -4.563346608352063 
5.846157640795 -3.325593960379793 -10.806334429342181 7.215116112832201 -3.359970102162569 -3.9540914797741458 -0.7703600723471603 -1.8962398704821932 5.925631987869846 1.5215102259430697 3.8778360818921005 -15.557027601368832 -6.422153759449764 -3.4861961975814966 -2.6171466286930545 -2.574102672207124 -2.2607311805869403 -1.909918219277571 -8.220906546516613 -1.5304726599204816 4.500108788306086 


-4.824973406163778
-1.6084516946289242
-14.042962484720784
-3.0836140518606783
-6.133889577788037
0.26832203666896737
0.29073602275938937
-1.7840287736601055
-2.726524707865448
3.840575206060761
6.055059383231596
-13.794357040480993
-11.99518381862751
2.0190229766922076
-1.6776062340611204
-0.12197105298159917
4.62753285884243
2.0566511677001276
3.6753391488302576
0.7428666448808743
4.353287760234769

6.097606339857763
-6.010247118088973
